0
1
2
3
4
5
6
7
8
9
10
11
12
13
14
15
16
17
18
19
20
21
22
23
24
25
26
27
28
29
30
31
32
33
34
44
36
37
38
39
40
41
42
43
44
45
46
47
48
49
50
51
52
53
54
55
56
57
58
59
60
61
62
63
64
65
66
67
68
69
70
71
72
73
74
75
76
77
78
79
80
81
82
83
84
85
86
87
88
89
90
91
92
93
94
95
96
97
98
99
100
101
102
103
104
105
106
107
108
109
110
111
112
113
110
115
116
117
118
119
105
121
122
123
124
125
126
127
128
129
130
131
132
133
134
135
136
137
138
139
140
141
142
143
144
145
146
147
148
149
150
151
152
153
154
165
156
157
158
159
160
161
162
163
164
165
166
167
168
169
170
171
172
173
174
175
176
177
178
179
180
181
182
183
184
185
186
187
188
199
190
191
192
193
194
195
196
197
198
185
200
201
202
203
204
205
206
207
208
209
210
211
212
213
214
215
216
207
218
219
220
221
222
223
224
225
226
239
228
229
230
231
232
233
234
235
236
237
238
239
240
241
242
243
244
245
246
247
248
249
250
251
252
253
254
255
256
257
258
259
260
262
262
263
264
265
266
267
268
269
270
271
272
273
274
275
276
277
278
279
280
281
282
283
284
285
286
287
288
289
290
291
292
293
294
295
296
297
307
299
300
301
302
303
304
305
306
307
308
309
310
311
312
313
326
315
316
317
318
319
320
321
322
323
324
325
326
327
328
329
330
331
332
333
334
335
336
337
338
339
340
341
346
343
337
345
346
347
348
349
350
351
352
353
354
355
356
357
358
359
360
361
362
363
364
365
366
356
368
369
370
371
372
373
374
375
376
377
378
379
380
381
382
383
384
380
386
387
388
389
390
391
392
393
394
395
396
397
398
399
400
401
402
403
404
405
406
407
408
422
410
411
412
413
406
415
416
417
418
419
420
421
422
423
424
425
426
427
428
429
430
431
432
433
434
435
436
437
438
439
440
441
442
443
444
445
446
447
448
449
450
451
452
453
454
455
456
457
458
459
460
461
462
463
464
465
466
467
468
469
470
483
472
473
474
475
476
477
478
479
480
481
482
483
484
485
486
487
479
489
490
491
492
493
494
495
496
497
498
496
500
501
502
503
504
505
506
507
508
509
510
511
0
1
2
3
4
5
6
7
8
0
10
11
12
13
14
15
16
17
18
19
20
21
22
27
24
25
26
27
28
29
30
31
32
33
34
35
36
37
38
39
40
41
42
43
44
45
46
47
48
49
50
51
52
53
54
55
56
57
58
59
60
61
63
63
64
65
66
67
68
69
70
71
72
73
74
75
76
77
78
79
80
81
82
83
84
85
86
87
88
89
90
91
92
93
94
95
96
97
98
99
100
101
102
103
104
105
106
107
108
109
110
111
112
113
128
115
116
117
118
119
120
121
122
123
124
125
127
127
128
129
130
131
132
133
134
135
136
137
138
139
140
141
142
143
144
145
146
147
148
149
150
151
152
153
154
155
156
157
158
159
160
161
162
163
164
165
166
167
168
169
170
171
172
173
174
175
176
177
178
179
180
181
182
167
184
185
186
187
188
189
190
191
192
193
194
195
196
197
184
199
200
201
202
203
204
205
206
207
208
209
210
211
212
213
229
215
216
217
218
219
220
221
222
223
224
225
226
227
228
229
230
226
232
233
234
235
236
237
238
239
240
241
242
243
244
245
246
247
238
249
250
251
252
253
270
255
256
257
258
259
260
261
262
263
264
265
266
267
268
269
270
271
272
273
290
275
276
269
278
279
280
281
282
283
284
285
286
287
81
573
105
314
436
393
297
329
488
60
241
279
338
423
334
57
84
79
40
320
583
137
53
309
270
228
528
330
566
219
211
141
458
386
159
82
270
384
335
337
300
444
338
199
17
433
148
322
75
135
236
541
131
495
318
599
47
455
451
552
150
513
397
87
243
468
426
560
335
569
229
45
21
281
411
147
224
235
424
515
0
4
8
12
16
20
24
28
32
43
40
44
43
52
56
60
64
68
72
76
80
84
88
92
96
100
104
108
112
116
120
124
128
132
136
140
144
154
152
156
160
172
168
172
184
180
184
188
192
196
200
204
208
212
216
220
224
228
228
236
240
244
248
252
256
260
264
268
272
276
280
284
288
292
296
300
304
308
312
316
320
324
328
332
336
340
344
348
352
356
360
364
368
372
376
380
384
388
392
396
400
404
408
412
416
420
428
428
432
436
440
444
448
452
456
460
464
468
483
476
480
484
488
492
496
500
504
508
512
516
520
524
528
532
536
540
544
548
552
556
560
564
568
572
576
580
584
588
592
596
600
604
608
612
616
620
624
628
643
636
640
644
648
652
656
660
664
668
672
676
680
684
688
692
696
700
704
708
712
716
720
724
728
732
736
740
744
748
752
756
760
764
768
772
776
780
784
788
792
796
800
804
812
812
816
820
824
828
843
836
840
844
848
852
856
860
864
868
872
876
880
884
888
892
896
900
904
908
912
916
920
924
928
928
936
940
944
948
952
956
960
964
968
972
976
980
984
988
992
996
1000
1004
1008
1012
1016
1020
1024
1028
1032
1036
1040
1044
1048
1052
1056
1060
1064
1068
1072
1076
1080
1084
1088
1092
1096
1100
1104
1108
1112
1116
1120
1124
1128
1132
1136
1140
1144
1148
1152
1156
1160
1164
1168
1172
1176
1180
1184
1188
1192
1196
1200
1204
1208
1212
1216
1220
1224
1228
1232
1236
1240
1244
1248
1252
1256
1260
1264
1268
1272
1276
1280
1284
1288
1292
1296
1300
1304
1319
1312
1316
1320
1324
1328
1332
1336
1340
1344
1348
1352
1356
1360
1364
1368
1372
1376
1380
1384
1388
1392
1396
1400
1404
1408
1412
1416
1408
1424
1428
1432
1438
1440
1444
1448
1452
1456
1460
1464
1468
1472
1480
1480
1484
1488
1492
1496
1500
1504
1508
1512
1516
1520
1524
1528
1532
1536
1540
1544
1548
1552
1556
1560
1564
1568
1572
1576
1580
1584
1588
1592
1596
1600
1604
1608
1612
1616
1626
1624
1628
1632
1636
1638
1644
1648
1652
1656
1660
1664
1668
1672
1677
1680
1684
1688
1692
1696
1700
1704
1708
1712
1716
1720
1724
1728
1732
1736
1740
1744
1748
1752
1756
1760
1764
1768
1772
1776
1780
1784
1788
1792
1796
1800
1804
1808
1812
1816
1820
1824
1828
1832
1836
1840
1844
1848
1852
1856
1860
1864
1868
1872
1876
1880
1884
1888
1892
1896
1900
1904
1908
1912
1916
1920
1924
1928
1932
1936
1940
1944
1948
1952
1956
1960
1964
1968
1972
1976
1980
1984
1988
1992
1996
1992
2004
2008
2012
2016
2020
2024
2028
2032
2036
2040
2044
0
4
8
12
16
20
24
28
32
36
40
44
48
52
56
60
64
68
72
83
80
84
88
92
96
100
104
108
112
116
120
124
128
132
136
140
144
148
152
156
160
164
168
172
176
180
184
188
192
196
208
204
208
212
216
220
224
228
224
236
240
244
248
252
256
260
264
268
272
276
280
284
288
292
296
300
304
308
312
316
320
324
328
332
336
340
344
348
352
356
360
364
368
372
376
380
384
388
392
396
400
404
408
412
416
420
424
428
432
436
440
444
447
452
456
460
464
468
472
476
480
484
488
492
496
500
504
508
512
516
520
524
528
532
536
540
544
548
552
556
560
564
568
572
576
580
584
588
592
596
600
604
608
612
616
620
624
628
632
636
640
644
648
652
656
660
664
668
672
676
680
684
688
692
696
700
704
708
712
716
720
715
728
732
736
740
744
748
752
756
760
764
768
772
776
780
778
788
792
796
800
804
808
812
816
820
824
828
832
836
840
844
848
852
856
860
864
868
872
876
880
884
888
892
896
900
904
908
912
916
920
924
928
932
936
940
955
948
952
956
960
964
968
972
976
980
984
988
992
996
1000
1004
1008
1012
1016
1020
1024
1028
1032
1036
1040
1044
1048
1052
1056
1060
1064
1068
1072
1076
1080
1084
1088
1092
1096
1100
1104
1108
1112
1116
1120
1124
1128
1132
1136
1140
1144
1148
179
149
51
247
99
600
4
244
598
117
65
42
196
253
157
222
344
416
540
418
83
378
90
322
397
125
523
333
53
76
49
301
304
36
173
110
382
361
291
175
464
436
194
249
95
125
425
162
509
528
464
552
537
182
0
96
17
492
157
211
336
584
52
87
516
534
261
131
266
339
435
121
401
4
291
565
306
425
325
506
11
0
12
8
4
8
11
11
4
7
12
14
8
4
1
5
13
14
9
11
7
13
10
11
9
13
3
9
8
10
2
12
0
7
1
10
9
10
12
14
14
1
11
6
6
15
5
11
2
2
2
12
10
0
8
4
0
6
11
6
7
1
3
15
8
5
11
2
4
11
0
12
15
2
12
12
11
9
45
9
3
13
7
41
11
2
11
14
6
11
12
5
8
2
1
81
9
9
1
11
14
2
14
15
5
0
2
10
2
1
0
1
11
14
6
11
1
7
11
5
0
14
1
7
4
13
2
12
13
12
12
11
12
5
8
4
12
142
0
12
11
8
15
2
0
5
11
13
11
9
5
2
13
2
15
0
9
14
1
5
0
14
9
0
2
4
6
4
3
2
4
3
10
13
15
8
8
11
13
2
8
11
10
15
15
6
12
6
7
6
1
12
13
5
6
9
15
4
9
8
0
7
4
7
0
0
0
7
7
5
12
12
12
5
7
15
4
2
3
3
0
64
2
4
5
1
8
14
3
7
2
1
0
0
4
4
1
1
10
2
10
13
11
2
14
0
2
9
13
3
4
9
5
13
1
0
9
15
2
8
3
3
0
9
5
3
9
2
6
15
5
15
11
0
5
2
7
13
13
5
8
8
8
3
2
12
5
12
4
9
5
5
15
4
1
3
14
1
15
137
12
0
8
0
5
14
10
15
1
5
158
132
13
15
0
7
11
13
11
5
13
13
7
0
99
4
11
14
11
6
1
4
1
5
13
8
2
5
52
3
152
8
0
11
8
11
6
15
5
11
11
3
10
8
5
1
9
9
8
8
3
3
4
0
5
9
7
4
1
13
12
7
13
13
12
15
9
0
10
1
1
13
9
13
6
11
139
0
3
9
1
12
155
7
11
5
11
11
31
2
9
30
12
8
10
3
13
4
15
2
1
12
5
7
7
15
11
15
4
1
13
5
7
5
5
15
6
1
10
14
1
10
6
9
0
10
5
3
14
7
15
0
12
10
6
0
8
4
15
4
10
13
5
9
3
5
12
165
8
10
3
10
0
10
3
14
15
15
4
14
10
13
19
4
10
10
122
5
5
12
0
6
2
11
8
7
12
11
9
9
0
162
8
1
14
5
12
7
15
14
7
15
12
12
9
13
9
2
7
12
60
0
11
13
12
8
4
8
11
11
4
7
12
14
8
4
1
5
13
14
9
11
7
13
10
11
9
13
3
9
8
10
2
12
10
7
1
10
9
10
12
14
14
1
11
0
6
15
5
11
2
2
2
12
10
1
8
4
0
6
11
6
7
1
3
15
8
5
11
2
4
11
1
12
15
2
12
12
11
9
3
9
3
0
7
1
11
2
11
14
6
11
12
5
8
2
1
8
9
9
1
11
14
2
14
15
5
0
2
10
2
1
105
1
11
14
6
11
1
7
11
5
0
14
1
7
4
13
2
12
13
12
12
11
12
5
8
4
12
9
15
12
11
8
15
2
0
5
11
13
11
9
5
2
13
2
15
12
9
14
1
5
0
14
9
14
2
4
6
4
3
2
4
3
10
13
15
8
8
11
13
2
8
11
10
15
0
6
12
1
7
6
1
12
13
5
6
9
15
4
9
8
0
7
4
7
0
7
0
7
7
5
0
12
12
5
0
15
4
2
3
3
0
9
2
4
5
1
8
14
3
7
2
1
9
10
4
4
1
1
10
2
10
13
11
2
14
3
2
9
13
3
4
9
5
13
1
11
9
15
2
8
3
3
2
9
5
3
9
2
66
15
5
15
11
0
5
171
7
13
13
5
8
8
8
3
2
12
5
12
314
55
17
505
130
125
33
215
256
232
122
531
228
195
516
302
443
301
473
489
586
428
218
208
4
221
374
170
314
222
34
570
445
418
553
347
218
132
300
89
132
60
338
51
132
68
543
112
113
48
121
150
386
312
31
451
104
195
521
575
12
238
168
8
586
448
270
297
185
522
402
322
107
170
122
563
148
485
159
10
-6
-6
-3
0
3
6
9
12
15
18
21
24
27
81
84
87
-6
-3
0
3
6
9
12
15
18
21
24
27
30
33
36
39
81
84
60
63
66
87
-6
-3
0
3
6
9
12
15
30
33
36
39
42
45
48
51
54
57
60
63
66
69
72
75
78
81
84
87
-6
-3
0
3
6
9
12
15
18
21
24
27
30
33
48
51
54
57
60
63
66
69
42
45
48
51
54
57
60
63
66
69
72
75
78
81
84
87
-6
12
15
18
21
24
27
30
33
36
39
42
6
9
12
15
18
21
24
27
30
33
36
39
42
72
75
78
81
66
69
72
75
78
81
84
87
-6
-3
0
36
39
42
45
48
51
54
57
60
63
66
69
72
75
78
81
84
87
-6
-3
0
3
6
9
12
81
84
87
-6
-3
0
3
6
9
12
15
24
27
30
33
36
39
42
84
87
90
93
0
3
6
9
12
15
18
75
78
81
84
87
90
93
0
3
6
9
12
15
18
21
75
78
81
84
87
90
93
0
3
6
9
12
15
18
21
24
27
30
33
57
60
63
66
69
72
75
45
48
51
54
57
60
63
66
69
72
75
78
81
84
87
90
93
0
3
6
9
12
15
18
21
24
27
30
60
63
66
69
72
75
78
81
84
87
90
93
0
3
6
9
12
15
18
21
24
27
30
33
36
39
42
45
48
51
54
57
3
6
9
12
15
18
21
24
27
30
33
36
39
42
45
15
18
21
24
27
30
33
36
39
42
45
48
51
54
57
60
63
66
69
72
75
78
81
84
87
90
93
0
3
6
9
12
15
3
6
9
12
15
12
15
18
21
24
27
30
33
30
33
36
39
42
45
48
51
54
57
60
63
66
69
72
75
78
81
84
60
63
66
69
72
75
78
81
84
87
18
21
24
27
30
33
36
39
42
45
48
51
54
57
60
63
66
69
72
75
78
81
84
87
-6
-3
0
3
6
9
12
15
18
21
24
27
30
33
36
39
42
45
48
51
54
57
54
57
60
63
66
69
72
75
78
81
84
87
-6
-3
0
3
6
9
12
15
18
21
24
27
30
33
36
39
21
24
27
30
33
36
39
42
45
48
51
54
57
60
63
66
69
72
75
78
81
84
87
-6
-3
0
3
6
9
12
15
18
21
24
27
30
72
75
78
81
84
87
-6
-3
0
3
6
9
12
-6
-6
-3
0
3
6
9
12
15
18
21
24
27
81
84
87
-6
-3
0
3
6
9
12
15
18
21
24
27
24
27
30
33
75
78
54
57
60
81
-12
-9
-6
-3
0
3
6
9
24
27
30
33
36
39
42
45
48
51
54
57
60
63
66
69
72
75
78
81
-12
-9
-6
-3
0
3
6
9
12
15
18
21
24
27
42
45
48
51
54
57
60
63
36
39
42
45
48
51
54
57
60
63
66
69
72
75
78
81
-12
6
9
12
15
18
21
24
27
30
33
36
0
3
6
9
12
15
18
21
24
27
30
33
36
66
69
72
75
60
63
66
69
72
75
78
81
-12
-9
-6
30
33
36
39
42
45
48
51
54
57
60
63
66
69
72
75
78
81
-12
-9
-6
-3
0
3
6
75
78
81
-12
-9
-6
-3
0
3
6
9
12
15
18
21
24
27
30
72
75
78
81
-12
-9
-6
-3
0
3
6
63
66
69
72
75
78
81
-12
-9
-6
-9
-6
-3
0
3
57
60
63
66
69
72
75
-18
-15
-12
-9
-6
-3
0
3
6
9
12
15
39
42
45
48
51
54
57
27
30
33
36
39
42
45
48
51
54
57
60
63
66
69
72
75
-18
-15
-12
-9
-6
-3
0
3
6
9
12
42
45
48
51
54
57
60
63
66
69
72
75
-18
-15
-12
-9
-6
-3
0
3
6
34
304
222
121
266
264
460
496
227
276
569
447
467
309
454
224
556
429
108
428
401
205
124
372
576
248
20
512
70
21
416
365
205
209
337
446
111
46
503
443
313
279
398
285
392
593
158
128
17
70
177
43
325
372
542
478
446
207
410
62
365
515
392
469
581
412
583
259
112
177
293
175
565
595
552
414
263
142
588
82
8
13
13
15
4
0
5
5
10
12
3
11
4
14
2
7
8
7
14
12
13
14
13
1
2
12
1
8
0
15
4
9
3
11
9
4
8
14
7
8
6
3
1
0
7
2
6
1
10
7
14
10
3
1
0
11
14
4
15
10
10
0
0
13
33
46
45
46
46
44
41
34
42
39
44
36
38
32
42
34
43
41
44
46
42
35
39
47
38
34
45
42
46
40
41
46
41
38
47
39
32
39
42
43
47
38
32
44
45
38
40
32
42
36
40
35
32
35
36
34
33
41
39
36
45
39
33
40
76
77
75
76
68
76
65
68
64
68
73
67
75
68
66
68
68
79
79
70
69
71
71
69
72
71
75
70
79
79
70
76
79
71
66
65
77
68
74
69
68
64
75
64
73
66
76
64
72
64
70
66
79
73
69
77
69
67
75
66
76
70
67
70
102
97
101
108
103
105
102
111
110
99
106
100
104
107
108
106
109
110
96
106
99
103
104
102
110
100
108
97
100
99
96
108
99
96
106
102
102
99
105
96
98
97
105
109
102
109
111
106
105
108
107
103
108
108
96
97
99
109
110
108
104
108
107
106
8
14
13
15
4
0
5
5
10
12
3
11
4
14
2
7
8
7
14
12
13
14
13
2
2
12
1
8
0
15
4
9
4
11
8
4
5
14
7
8
6
3
3
0
7
2
6
1
10
7
14
10
3
1
0
11
14
4
15
10
10
3
0
13
34
46
45
46
46
44
41
34
42
39
44
36
38
32
42
34
43
41
44
44
42
35
39
47
38
34
45
42
46
40
41
46
41
35
47
39
32
39
42
43
47
38
32
44
45
38
40
34
43
36
40
35
32
38
36
34
33
41
39
36
45
39
33
42
76
77
75
76
68
76
65
68
64
68
73
67
75
68
66
71
164
178
175
166
165
167
167
165
168
167
171
166
175
175
166
172
175
167
162
161
172
164
170
165
164
160
171
160
169
162
172
160
168
160
166
162
175
169
165
173
165
163
171
162
172
166
163
166
198
193
197
204
199
201
198
207
206
195
202
196
200
203
204
202
205
206
192
202
195
199
200
198
203
196
204
193
196
195
192
204
195
192
202
198
198
195
201
192
194
193
201
205
198
205
207
202
201
204
203
199
204
204
192
193
196
205
206
204
200
204
203
200
104
109
109
111
100
96
101
101
106
108
99
107
100
110
98
103
104
103
110
108
109
110
109
98
98
108
97
107
96
111
100
105
100
107
105
100
104
110
103
104
102
99
97
96
103
98
102
97
106
103
110
106
99
97
96
107
110
100
111
106
106
99
96
109
129
142
141
142
142
140
137
130
138
135
140
132
134
128
138
130
139
137
140
142
138
131
135
143
134
130
141
138
142
136
137
142
137
131
143
135
128
135
138
139
143
134
128
140
141
134
136
130
139
132
136
131
128
131
132
130
129
137
135
132
141
135
129
136
172
173
171
172
164
172
161
164
160
164
169
163
171
164
162
167
164
175
175
166
165
167
167
165
168
167
171
166
175
175
166
172
175
167
164
161
173
164
170
165
164
160
171
160
169
162
172
160
168
160
166
162
175
169
165
173
165
163
171
162
172
166
163
166
198
193
197
204
199
201
198
207
206
195
202
196
200
203
204
202
205
206
192
202
195
199
200
198
206
196
204
193
196
195
192
204
195
192
202
198
198
195
201
192
194
193
201
205
198
205
207
202
203
204
203
199
204
204
192
193
196
205
206
204
200
204
203
200
104
109
109
111
100
96
101
101
106
108
99
107
100
110
98
103
104
101
110
108
109
110
109
98
98
108
97
104
96
111
100
105
318
445
310
444
2
509
209
536
290
207
13
527
314
99
416
370
391
374
391
215
320
8
60
104
515
427
112
424
344
224
348
342
356
378
150
320
347
86
260
350
280
288
155
422
598
405
226
107
235
275
458
132
291
141
282
48
9
244
370
341
119
462
60
280
157
498
221
233
341
93
108
268
502
479
312
430
372
593
556
189
6
635
876
571
345
465
709
401
397
398
397
395
398
401
395
401
398
401
395
396
401
401
397
397
397
399
396
398
401
398
395
158
27
182
826
80
775
463
547
141
841
135
575
605
84
113
115
117
118
117
113
112
118
118
115
114
114
114
116
114
115
116
117
112
114
118
115
115
118
775
485
840
841
839
841
842
842
842
838
837
840
838
838
842
837
837
841
841
838
837
842
836
838
841
839
831
637
885
683
843
190
190
187
187
192
191
188
191
187
188
189
192
190
191
192
191
193
187
193
188
193
188
193
191
49
448
218
505
661
665
662
662
664
667
666
662
665
663
665
666
665
661
662
663
667
665
667
667
661
665
663
666
559
594
587
72
286
354
307
360
17
16
15
17
14
11
14
12
17
14
15
14
13
17
11
12
16
15
14
15
11
16
17
11
816
402
403
400
404
400
404
403
399
399
405
399
402
402
405
401
400
405
402
399
404
401
404
402
403
526
610
33
525
48
204
745
201
204
775
750
147
737
56
816
774
811
509
389
419
131
453
705
47
537
525
229
80
156
310
114
117
118
117
117
119
114
117
116
115
113
119
119
115
114
113
117
114
118
116
118
117
115
119
792
256
254
253
254
257
252
257
258
254
255
254
258
254
252
254
257
252
254
254
253
254
253
253
258
701
547
680
354
27
685
446
441
443
447
446
442
445
443
446
441
441
445
444
446
445
443
442
442
447
441
443
446
447
447
301
301
869
594
79
197
275
105
143
642
132
784
784
787
784
783
787
785
783
784
782
783
781
784
786
787
781
784
785
782
781
787
781
787
784
640
641
302
31
413
422
232
251
667
119
148
497
442
612
191
185
888
150
154
152
154
151
150
155
155
154
150
155
155
153
154
154
155
153
152
152
154
150
151
150
155
265
348
602
266
762
67
460
39
449
287
342
18
329
835
370
735
17
643
315
617
872
874
872
875
873
872
878
873
872
877
876
874
873
878
877
874
873
876
872
878
873
877
875
874
712
21
283
281
279
279
283
281
278
279
284
278
279
282
283
278
278
280
284
278
283
279
284
279
281
280
809
670
670
509
631
863
249
218
100
42
93
743
444
460
753
651
326
215
306
688
534
469
253
270
314
840
721
712
463
601
330
733
349
828
732
602
201
683
15
17
20
18
15
19
20
15
18
20
16
17
21
19
17
21
17
16
20
18
19
18
18
17
776
794
615
109
93
467
357
701
784
187
465
487
701
704
700
706
702
702
706
702
702
700
703
705
702
701
702
703
700
704
704
702
702
702
706
704
76
357
827
637
630
270
456
355
116
48
811
885
37
694
254
258
254
256
253
258
259
258
256
257
253
255
253
254
253
253
255
256
257
258
259
259
257
255
341
346
236
530
532
533
534
529
534
535
532
531
529
533
530
534
534
529
533
530
529
535
534
533
531
530
535
585
505
457
39
691
868
641
400
881
880
875
876
879
877
879
876
875
875
881
879
876
879
876
875
876
876
879
876
878
878
875
877
797
16
10
788
88
692
374
191
193
191
195
190
190
195
193
190
193
190
195
193
195
189
191
193
193
193
194
193
189
193
190
479
189
369
152
156
156
151
152
153
156
150
152
156
152
152
156
155
152
156
151
153
151
151
151
154
153
154
814
250
374
451
581
96
397
706
3
628
629
861
614
412
62
171
328
637
589
233
261
471
471
467
468
471
467
469
471
466
467
469
471
465
468
470
466
467
466
467
465
471
467
469
468
232
225
623
880
650
567
128
399
677
756
895
480
818
762
673
353
145
510
726
246
473
206
508
466
853
851
849
852
850
853
854
851
848
850
850
849
849
854
93
120
128
413
278
87
556
296
534
170
484
424
251
382
280
277
337
178
265
222
100
298
395
409
346
476
97
70
572
249
169
468
193
595
368
272
36
139
7
376
454
292
579
318
336
183
15
592
303
167
26
450
454
123
447
484
84
36
476
447
230
282
130
489
457
88
361
424
553
317
508
484
461
320
581
316
85
117
108
77
0
1
2
3
4
5
6
7
8
9
10
11
12
13
14
15
16
17
18
19
20
21
22
23
24
25
26
27
28
29
30
31
32
33
34
44
36
37
38
39
40
41
42
43
44
45
46
47
48
49
50
51
52
53
54
55
56
57
58
59
60
61
62
63
11
0
12
8
4
8
11
11
4
7
12
14
8
4
1
5
13
14
9
11
7
13
10
11
9
13
3
9
8
10
2
12
0
7
1
10
9
10
12
14
14
1
11
6
6
15
5
11
2
2
2
12
10
0
8
4
0
6
11
6
7
1
3
15
-6
-6
-3
0
3
6
9
12
15
18
21
24
27
81
84
87
-6
-3
0
3
6
9
12
15
18
21
24
27
30
33
36
39
81
84
60
63
66
87
-6
-3
0
3
6
9
12
15
30
33
36
39
42
45
48
51
54
57
60
63
66
69
72
75
78
81
64
65
66
67
68
69
70
71
72
73
74
75
76
77
78
79
80
81
82
83
84
85
86
87
88
89
90
91
92
93
94
95
96
97
98
99
100
101
102
103
104
105
106
107
108
109
110
111
112
113
110
115
116
117
118
119
105
121
122
123
124
125
126
127
8
5
11
2
4
11
0
12
15
2
12
12
11
9
45
9
3
13
7
41
11
2
11
14
6
11
12
5
8
2
1
81
9
9
1
11
14
2
14
15
5
0
2
10
2
1
0
1
11
14
6
11
1
7
11
5
0
14
1
7
4
13
2
12
84
87
-6
-3
0
3
6
9
12
15
18
21
24
27
30
33
48
51
54
57
60
63
66
69
42
45
48
51
54
57
60
63
66
69
72
75
78
81
84
87
-6
12
15
18
21
24
27
30
33
36
39
42
6
9
12
15
18
21
24
27
30
33
36
39
128
129
130
131
132
133
134
135
136
137
138
139
140
141
142
143
144
145
146
147
148
149
150
151
152
153
154
165
156
157
158
159
160
161
162
163
164
165
166
167
168
169
170
171
172
173
174
175
176
177
178
179
180
181
182
183
184
185
186
187
188
199
190
191
13
12
12
11
12
5
8
4
12
142
0
12
11
8
15
2
0
5
11
13
11
9
5
2
13
2
15
0
9
14
1
5
0
14
9
0
2
4
6
4
3
2
4
3
10
13
15
8
8
11
13
2
8
11
10
15
15
6
12
6
7
6
1
12
42
72
75
78
81
66
69
72
75
78
81
84
87
-6
-3
0
36
39
42
45
48
51
54
57
60
63
66
69
72
75
78
81
84
87
-6
-3
0
3
6
9
12
81
84
87
-6
-3
0
3
6
9
12
15
24
27
30
33
36
39
42
84
87
90
93
0
192
193
194
195
196
197
198
185
200
201
202
203
204
205
206
207
208
209
210
211
212
213
214
215
216
207
218
219
220
221
222
223
224
225
226
239
228
229
230
231
232
233
234
235
236
237
238
239
240
241
242
243
244
245
246
247
248
249
250
251
252
253
254
255
13
5
6
9
15
4
9
8
0
7
4
7
0
0
0
7
7
5
12
12
12
5
7
15
4
2
3
3
0
64
2
4
5
1
8
14
3
7
2
1
0
0
4
4
1
1
10
2
10
13
11
2
14
0
2
9
13
3
4
9
5
13
1
0
3
6
9
12
15
18
75
78
81
84
87
90
93
0
3
6
9
12
15
18
21
75
78
81
84
87
90
93
0
3
6
9
12
15
18
21
24
27
30
33
57
60
63
66
69
72
75
45
48
51
54
57
60
63
66
69
72
75
78
81
84
87
90
93
252
434
451
69
476
23
554
182
145
421
574
338
170
343
161
249
492
401
173
99
374
163
466
99
155
340
38
117
306
319
280
178
599
212
402
483
570
20
275
409
583
114
304
378
552
565
391
295
302
81
459
230
296
485
21
244
18
112
22
343
433
146
305
40
105
100
315
479
314
143
438
260
370
265
428
431
592
529
319
591
0
1
2
3
4
5
6
7
8
9
10
11
12
13
14
15
16
17
18
19
20
21
22
23
24
25
26
27
28
29
30
31
32
33
34
44
36
37
38
39
40
41
42
43
44
45
46
47
48
49
50
51
52
53
54
55
56
57
58
59
60
61
62
63
64
65
66
67
68
69
70
71
72
73
74
75
76
77
78
79
80
81
82
83
84
85
86
87
88
89
90
91
92
93
94
95
96
97
98
99
100
101
102
103
104
105
106
107
108
109
110
111
112
113
110
115
116
117
118
119
105
121
122
123
124
125
126
127
128
129
130
131
132
133
134
135
136
137
138
139
140
141
142
143
144
145
146
147
148
149
150
151
152
153
154
165
156
157
158
159
160
161
162
163
164
165
166
167
168
169
170
171
172
173
174
175
176
177
178
179
180
181
182
183
184
185
186
187
188
199
190
191
192
193
194
195
196
197
198
185
200
201
202
203
204
205
206
207
208
209
210
211
212
213
214
215
216
207
218
219
220
221
222
223
224
225
226
239
228
229
230
231
232
233
234
235
236
237
238
239
240
241
242
243
244
245
246
247
248
249
250
251
252
253
254
255
256
257
258
259
260
262
262
263
264
265
266
267
268
269
270
271
272
273
274
275
276
277
278
279
280
281
282
283
284
285
286
287
288
289
290
291
292
293
294
295
296
297
307
299
300
301
302
303
304
305
306
307
308
309
310
311
312
313
326
315
316
317
318
319
320
321
322
323
324
325
326
327
328
329
330
331
332
333
334
335
336
337
338
339
340
341
346
343
337
345
346
347
348
349
350
351
352
353
354
355
356
357
358
359
360
361
362
363
364
365
366
356
368
369
370
371
372
373
374
375
376
377
378
379
380
381
382
383
384
380
386
387
388
389
390
391
392
393
394
395
396
397
398
399
400
401
402
403
404
405
406
407
408
422
410
411
412
413
406
415
416
417
418
419
420
421
422
423
424
425
426
427
428
429
430
431
432
433
434
435
436
437
438
439
440
441
442
443
444
445
446
447
448
449
450
451
452
453
454
455
456
457
458
459
460
461
462
463
464
465
466
467
468
469
470
483
472
473
474
475
476
477
478
479
480
481
482
483
484
485
486
487
479
489
490
491
492
493
494
495
496
497
498
496
500
501
502
503
504
505
506
507
508
509
510
511
0
1
2
3
4
5
6
7
8
0
10
11
12
13
14
15
16
17
18
19
20
21
22
27
24
25
26
27
28
29
30
31
32
33
34
35
36
37
38
39
40
41
42
43
44
45
46
47
48
49
50
51
52
53
54
55
56
57
58
59
60
61
63
63
64
65
66
67
68
69
70
71
72
73
74
75
76
77
78
79
80
81
82
83
84
85
86
87
88
89
90
91
92
93
94
95
96
97
98
99
100
101
102
103
104
105
106
107
108
109
110
111
112
113
128
115
116
117
118
119
120
121
122
123
124
125
127
127
128
129
130
131
132
133
134
135
136
137
138
139
140
141
142
143
144
145
146
147
148
149
150
151
152
153
154
155
156
157
158
159
160
161
162
163
164
165
166
167
168
169
170
171
172
173
174
175
176
177
178
179
180
181
182
167
184
185
186
187
188
189
190
191
192
193
194
195
196
197
184
199
200
201
202
203
204
205
206
207
208
209
210
211
212
213
229
215
216
217
218
219
220
221
222
223
224
225
226
227
228
229
230
226
232
233
234
235
236
237
238
239
240
241
242
243
244
245
246
247
238
249
250
251
252
253
270
255
256
257
258
259
260
261
262
263
264
265
266
267
268
269
270
271
272
273
290
275
276
269
278
279
280
281
282
283
284
285
286
287
494
447
243
183
465
293
137
99
576
186
132
257
288
283
108
324
114
4
201
67
590
325
542
46
272
497
437
123
174
263
199
237
321
184
38
53
1
200
97
50
507
93
313
201
516
364
436
163
246
514
568
595
170
464
393
206
54
542
437
582
504
153
416
527
520
78
176
588
173
323
164
421
369
432
427
297
211
414
417
599
0
4
8
12
16
20
24
28
32
43
40
44
43
52
56
60
64
68
72
76
80
84
88
92
96
100
104
108
112
116
120
124
128
132
136
140
144
154
152
156
160
172
168
172
184
180
184
188
192
196
200
204
208
212
216
220
224
228
228
236
240
244
248
252
256
260
264
268
272
276
280
284
288
292
296
300
304
308
312
316
320
324
328
332
336
340
344
348
352
356
360
364
368
372
376
380
384
388
392
396
400
404
408
412
416
420
428
428
432
436
440
444
448
452
456
460
464
468
483
476
480
484
488
492
496
500
504
508
512
516
520
524
528
532
536
540
544
548
552
556
560
564
568
572
576
580
584
588
592
596
600
604
608
612
616
620
624
628
643
636
640
644
648
652
656
660
664
668
672
676
680
684
688
692
696
700
704
708
712
716
720
724
728
732
736
740
744
748
752
756
760
764
768
772
776
780
784
788
792
796
800
804
812
812
816
820
824
828
843
836
840
844
848
852
856
860
864
868
872
876
880
884
888
892
896
900
904
908
912
916
920
924
928
928
936
940
944
948
952
956
960
964
968
972
976
980
984
988
992
996
1000
1004
1008
1012
1016
1020
1024
1028
1032
1036
1040
1044
1048
1052
1056
1060
1064
1068
1072
1076
1080
1084
1088
1092
1096
1100
1104
1108
1112
1116
1120
1124
1128
1132
1136
1140
1144
1148
1152
1156
1160
1164
1168
1172
1176
1180
1184
1188
1192
1196
1200
1204
1208
1212
1216
1220
1224
1228
1232
1236
1240
1244
1248
1252
1256
1260
1264
1268
1272
1276
1280
1284
1288
1292
1296
1300
1304
1319
1312
1316
1320
1324
1328
1332
1336
1340
1344
1348
1352
1356
1360
1364
1368
1372
1376
1380
1384
1388
1392
1396
1400
1404
1408
1412
1416
1408
1424
1428
1432
1438
1440
1444
1448
1452
1456
1460
1464
1468
1472
1480
1480
1484
1488
1492
1496
1500
1504
1508
1512
1516
1520
1524
1528
1532
1536
1540
1544
1548
1552
1556
1560
1564
1568
1572
1576
1580
1584
1588
1592
1596
1600
1604
1608
1612
1616
1626
1624
1628
1632
1636
1638
1644
1648
1652
1656
1660
1664
1668
1672
1677
1680
1684
1688
1692
1696
1700
1704
1708
1712
1716
1720
1724
1728
1732
1736
1740
1744
1748
1752
1756
1760
1764
1768
1772
1776
1780
1784
1788
1792
1796
1800
1804
1808
1812
1816
1820
1824
1828
1832
1836
1840
1844
1848
1852
1856
1860
1864
1868
1872
1876
1880
1884
1888
1892
1896
1900
1904
1908
1912
1916
1920
1924
1928
1932
1936
1940
1944
1948
1952
1956
1960
1964
1968
1972
1976
1980
1984
1988
1992
1996
1992
2004
2008
2012
2016
2020
2024
2028
2032
2036
2040
2044
0
4
8
12
16
20
24
28
32
36
40
44
48
52
56
60
64
68
72
83
80
84
88
92
96
100
104
108
112
116
120
124
128
132
136
140
144
148
152
156
160
164
168
172
176
180
184
188
192
196
208
204
208
212
216
220
224
228
224
236
240
244
248
252
256
260
264
268
272
276
280
284
288
292
296
300
304
308
312
316
320
324
328
332
336
340
344
348
352
356
360
364
368
372
376
380
384
388
392
396
400
404
408
412
416
420
424
428
432
436
440
444
447
452
456
460
464
468
472
476
480
484
488
492
496
500
504
508
512
516
520
524
528
532
536
540
544
548
552
556
560
564
568
572
576
580
584
588
592
596
600
604
608
612
616
620
624
628
632
636
640
644
648
652
656
660
664
668
672
676
680
684
688
692
696
700
704
708
712
716
720
715
728
732
736
740
744
748
752
756
760
764
768
772
776
780
778
788
792
796
800
804
808
812
816
820
824
828
832
836
840
844
848
852
856
860
864
868
872
876
880
884
888
892
896
900
904
908
912
916
920
924
928
932
936
940
955
948
952
956
960
964
968
972
976
980
984
988
992
996
1000
1004
1008
1012
1016
1020
1024
1028
1032
1036
1040
1044
1048
1052
1056
1060
1064
1068
1072
1076
1080
1084
1088
1092
1096
1100
1104
1108
1112
1116
1120
1124
1128
1132
1136
1140
1144
1148
426
512
229
471
87
10
487
539
36
332
344
332
495
588
289
588
542
73
62
68
302
188
279
249
89
97
584
194
34
310
447
262
86
522
33
19
132
239
86
435
134
359
78
211
234
484
580
93
535
228
520
474
161
468
383
255
142
115
312
497
516
60
412
222
442
464
128
395
40
573
3
515
253
547
593
374
31
134
91
537
11
0
12
8
4
8
11
11
4
7
12
14
8
4
1
5
13
14
9
11
7
13
10
11
9
13
3
9
8
10
2
12
0
7
1
10
9
10
12
14
14
1
11
6
6
15
5
11
2
2
2
12
10
0
8
4
0
6
11
6
7
1
3
15
8
5
11
2
4
11
0
12
15
2
12
12
11
9
45
9
3
13
7
41
11
2
11
14
6
11
12
5
8
2
1
81
9
9
1
11
14
2
14
15
5
0
2
10
2
1
0
1
11
14
6
11
1
7
11
5
0
14
1
7
4
13
2
12
13
12
12
11
12
5
8
4
12
142
0
12
11
8
15
2
0
5
11
13
11
9
5
2
13
2
15
0
9
14
1
5
0
14
9
0
2
4
6
4
3
2
4
3
10
13
15
8
8
11
13
2
8
11
10
15
15
6
12
6
7
6
1
12
13
5
6
9
15
4
9
8
0
7
4
7
0
0
0
7
7
5
12
12
12
5
7
15
4
2
3
3
0
64
2
4
5
1
8
14
3
7
2
1
0
0
4
4
1
1
10
2
10
13
11
2
14
0
2
9
13
3
4
9
5
13
1
0
9
15
2
8
3
3
0
9
5
3
9
2
6
15
5
15
11
0
5
2
7
13
13
5
8
8
8
3
2
12
5
12
4
9
5
5
15
4
1
3
14
1
15
137
12
0
8
0
5
14
10
15
1
5
158
132
13
15
0
7
11
13
11
5
13
13
7
0
99
4
11
14
11
6
1
4
1
5
13
8
2
5
52
3
152
8
0
11
8
11
6
15
5
11
11
3
10
8
5
1
9
9
8
8
3
3
4
0
5
9
7
4
1
13
12
7
13
13
12
15
9
0
10
1
1
13
9
13
6
11
139
0
3
9
1
12
155
7
11
5
11
11
31
2
9
30
12
8
10
3
13
4
15
2
1
12
5
7
7
15
11
15
4
1
13
5
7
5
5
15
6
1
10
14
1
10
6
9
0
10
5
3
14
7
15
0
12
10
6
0
8
4
15
4
10
13
5
9
3
5
12
165
8
10
3
10
0
10
3
14
15
15
4
14
10
13
19
4
10
10
122
5
5
12
0
6
2
11
8
7
12
11
9
9
0
162
8
1
14
5
12
7
15
14
7
15
12
12
9
13
9
2
7
12
60
0
11
13
12
8
4
8
11
11
4
7
12
14
8
4
1
5
13
14
9
11
7
13
10
11
9
13
3
9
8
10
2
12
10
7
1
10
9
10
12
14
14
1
11
0
6
15
5
11
2
2
2
12
10
1
8
4
0
6
11
6
7
1
3
15
8
5
11
2
4
11
1
12
15
2
12
12
11
9
3
9
3
0
7
1
11
2
11
14
6
11
12
5
8
2
1
8
9
9
1
11
14
2
14
15
5
0
2
10
2
1
105
1
11
14
6
11
1
7
11
5
0
14
1
7
4
13
2
12
13
12
12
11
12
5
8
4
12
9
15
12
11
8
15
2
0
5
11
13
11
9
5
2
13
2
15
12
9
14
1
5
0
14
9
14
2
4
6
4
3
2
4
3
10
13
15
8
8
11
13
2
8
11
10
15
0
6
12
1
7
6
1
12
13
5
6
9
15
4
9
8
0
7
4
7
0
7
0
7
7
5
0
12
12
5
0
15
4
2
3
3
0
9
2
4
5
1
8
14
3
7
2
1
9
10
4
4
1
1
10
2
10
13
11
2
14
3
2
9
13
3
4
9
5
13
1
11
9
15
2
8
3
3
2
9
5
3
9
2
66
15
5
15
11
0
5
171
7
13
13
5
8
8
8
3
2
12
5
12
108
225
168
397
380
211
73
418
203
147
238
481
420
306
361
161
282
304
406
383
244
249
203
423
140
414
288
211
172
42
325
348
35
297
192
498
138
46
169
575
214
378
471
433
233
541
131
185
493
537
147
21
40
412
135
63
207
582
391
216
488
3
412
539
553
127
266
474
51
322
495
55
496
140
139
361
467
335
62
85
-6
-6
-3
0
3
6
9
12
15
18
21
24
27
81
84
87
-6
-3
0
3
6
9
12
15
18
21
24
27
30
33
36
39
81
84
60
63
66
87
-6
-3
0
3
6
9
12
15
30
33
36
39
42
45
48
51
54
57
60
63
66
69
72
75
78
81
84
87
-6
-3
0
3
6
9
12
15
18
21
24
27
30
33
48
51
54
57
60
63
66
69
42
45
48
51
54
57
60
63
66
69
72
75
78
81
84
87
-6
12
15
18
21
24
27
30
33
36
39
42
6
9
12
15
18
21
24
27
30
33
36
39
42
72
75
78
81
66
69
72
75
78
81
84
87
-6
-3
0
36
39
42
45
48
51
54
57
60
63
66
69
72
75
78
81
84
87
-6
-3
0
3
6
9
12
81
84
87
-6
-3
0
3
6
9
12
15
24
27
30
33
36
39
42
84
87
90
93
0
3
6
9
12
15
18
75
78
81
84
87
90
93
0
3
6
9
12
15
18
21
75
78
81
84
87
90
93
0
3
6
9
12
15
18
21
24
27
30
33
57
60
63
66
69
72
75
45
48
51
54
57
60
63
66
69
72
75
78
81
84
87
90
93
0
3
6
9
12
15
18
21
24
27
30
60
63
66
69
72
75
78
81
84
87
90
93
0
3
6
9
12
15
18
21
24
27
30
33
36
39
42
45
48
51
54
57
3
6
9
12
15
18
21
24
27
30
33
36
39
42
45
15
18
21
24
27
30
33
36
39
42
45
48
51
54
57
60
63
66
69
72
75
78
81
84
87
90
93
0
3
6
9
12
15
3
6
9
12
15
12
15
18
21
24
27
30
33
30
33
36
39
42
45
48
51
54
57
60
63
66
69
72
75
78
81
84
60
63
66
69
72
75
78
81
84
87
18
21
24
27
30
33
36
39
42
45
48
51
54
57
60
63
66
69
72
75
78
81
84
87
-6
-3
0
3
6
9
12
15
18
21
24
27
30
33
36
39
42
45
48
51
54
57
54
57
60
63
66
69
72
75
78
81
84
87
-6
-3
0
3
6
9
12
15
18
21
24
27
30
33
36
39
21
24
27
30
33
36
39
42
45
48
51
54
57
60
63
66
69
72
75
78
81
84
87
-6
-3
0
3
6
9
12
15
18
21
24
27
30
72
75
78
81
84
87
-6
-3
0
3
6
9
12
-6
-6
-3
0
3
6
9
12
15
18
21
24
27
81
84
87
-6
-3
0
3
6
9
12
15
18
21
24
27
24
27
30
33
75
78
54
57
60
81
-12
-9
-6
-3
0
3
6
9
24
27
30
33
36
39
42
45
48
51
54
57
60
63
66
69
72
75
78
81
-12
-9
-6
-3
0
3
6
9
12
15
18
21
24
27
42
45
48
51
54
57
60
63
36
39
42
45
48
51
54
57
60
63
66
69
72
75
78
81
-12
6
9
12
15
18
21
24
27
30
33
36
0
3
6
9
12
15
18
21
24
27
30
33
36
66
69
72
75
60
63
66
69
72
75
78
81
-12
-9
-6
30
33
36
39
42
45
48
51
54
57
60
63
66
69
72
75
78
81
-12
-9
-6
-3
0
3
6
75
78
81
-12
-9
-6
-3
0
3
6
9
12
15
18
21
24
27
30
72
75
78
81
-12
-9
-6
-3
0
3
6
63
66
69
72
75
78
81
-12
-9
-6
-9
-6
-3
0
3
57
60
63
66
69
72
75
-18
-15
-12
-9
-6
-3
0
3
6
9
12
15
39
42
45
48
51
54
57
27
30
33
36
39
42
45
48
51
54
57
60
63
66
69
72
75
-18
-15
-12
-9
-6
-3
0
3
6
9
12
42
45
48
51
54
57
60
63
66
69
72
75
-18
-15
-12
-9
-6
-3
0
3
6
202
0
84
423
278
212
118
345
240
342
489
568
401
560
196
236
400
72
496
496
17
448
201
1
201
232
316
528
170
93
496
402
400
177
29
63
79
101
506
97
73
209
401
328
280
56
512
599
487
535
557
334
100
348
265
20
276
61
34
412
357
5
483
579
359
190
250
189
520
168
281
449
470
140
221
276
191
126
227
142
8
13
13
15
4
0
5
5
10
12
3
11
4
14
2
7
8
7
14
12
13
14
13
1
2
12
1
8
0
15
4
9
3
11
9
4
8
14
7
8
6
3
1
0
7
2
6
1
10
7
14
10
3
1
0
11
14
4
15
10
10
0
0
13
33
46
45
46
46
44
41
34
42
39
44
36
38
32
42
34
43
41
44
46
42
35
39
47
38
34
45
42
46
40
41
46
41
38
47
39
32
39
42
43
47
38
32
44
45
38
40
32
42
36
40
35
32
35
36
34
33
41
39
36
45
39
33
40
76
77
75
76
68
76
65
68
64
68
73
67
75
68
66
68
68
79
79
70
69
71
71
69
72
71
75
70
79
79
70
76
79
71
66
65
77
68
74
69
68
64
75
64
73
66
76
64
72
64
70
66
79
73
69
77
69
67
75
66
76
70
67
70
102
97
101
108
103
105
102
111
110
99
106
100
104
107
108
106
109
110
96
106
99
103
104
102
110
100
108
97
100
99
96
108
99
96
106
102
102
99
105
96
98
97
105
109
102
109
111
106
105
108
107
103
108
108
96
97
99
109
110
108
104
108
107
106
8
14
13
15
4
0
5
5
10
12
3
11
4
14
2
7
8
7
14
12
13
14
13
2
2
12
1
8
0
15
4
9
4
11
8
4
5
14
7
8
6
3
3
0
7
2
6
1
10
7
14
10
3
1
0
11
14
4
15
10
10
3
0
13
34
46
45
46
46
44
41
34
42
39
44
36
38
32
42
34
43
41
44
44
42
35
39
47
38
34
45
42
46
40
41
46
41
35
47
39
32
39
42
43
47
38
32
44
45
38
40
34
43
36
40
35
32
38
36
34
33
41
39
36
45
39
33
42
76
77
75
76
68
76
65
68
64
68
73
67
75
68
66
71
164
178
175
166
165
167
167
165
168
167
171
166
175
175
166
172
175
167
162
161
172
164
170
165
164
160
171
160
169
162
172
160
168
160
166
162
175
169
165
173
165
163
171
162
172
166
163
166
198
193
197
204
199
201
198
207
206
195
202
196
200
203
204
202
205
206
192
202
195
199
200
198
203
196
204
193
196
195
192
204
195
192
202
198
198
195
201
192
194
193
201
205
198
205
207
202
201
204
203
199
204
204
192
193
196
205
206
204
200
204
203
200
104
109
109
111
100
96
101
101
106
108
99
107
100
110
98
103
104
103
110
108
109
110
109
98
98
108
97
107
96
111
100
105
100
107
105
100
104
110
103
104
102
99
97
96
103
98
102
97
106
103
110
106
99
97
96
107
110
100
111
106
106
99
96
109
129
142
141
142
142
140
137
130
138
135
140
132
134
128
138
130
139
137
140
142
138
131
135
143
134
130
141
138
142
136
137
142
137
131
143
135
128
135
138
139
143
134
128
140
141
134
136
130
139
132
136
131
128
131
132
130
129
137
135
132
141
135
129
136
172
173
171
172
164
172
161
164
160
164
169
163
171
164
162
167
164
175
175
166
165
167
167
165
168
167
171
166
175
175
166
172
175
167
164
161
173
164
170
165
164
160
171
160
169
162
172
160
168
160
166
162
175
169
165
173
165
163
171
162
172
166
163
166
198
193
197
204
199
201
198
207
206
195
202
196
200
203
204
202
205
206
192
202
195
199
200
198
206
196
204
193
196
195
192
204
195
192
202
198
198
195
201
192
194
193
201
205
198
205
207
202
203
204
203
199
204
204
192
193
196
205
206
204
200
204
203
200
104
109
109
111
100
96
101
101
106
108
99
107
100
110
98
103
104
101
110
108
109
110
109
98
98
108
97
104
96
111
100
105
85
276
460
481
353
9
147
200
359
252
44
19
263
191
588
37
448
266
367
594
108
384
276
330
411
349
385
360
324
197
538
311
500
201
48
45
285
365
160
596
485
311
392
251
25
153
563
279
177
415
311
270
19
355
111
577
375
351
531
334
228
519
243
259
18
525
170
322
533
213
270
352
250
400
352
554
387
328
338
446
6
635
876
571
345
465
709
401
397
398
397
395
398
401
395
401
398
401
395
396
401
401
397
397
397
399
396
398
401
398
395
158
27
182
826
80
775
463
547
141
841
135
575
605
84
113
115
117
118
117
113
112
118
118
115
114
114
114
116
114
115
116
117
112
114
118
115
115
118
775
485
840
841
839
841
842
842
842
838
837
840
838
838
842
837
837
841
841
838
837
842
836
838
841
839
831
637
885
683
843
190
190
187
187
192
191
188
191
187
188
189
192
190
191
192
191
193
187
193
188
193
188
193
191
49
448
218
505
661
665
662
662
664
667
666
662
665
663
665
666
665
661
662
663
667
665
667
667
661
665
663
666
559
594
587
72
286
354
307
360
17
16
15
17
14
11
14
12
17
14
15
14
13
17
11
12
16
15
14
15
11
16
17
11
816
402
403
400
404
400
404
403
399
399
405
399
402
402
405
401
400
405
402
399
404
401
404
402
403
526
610
33
525
48
204
745
201
204
775
750
147
737
56
816
774
811
509
389
419
131
453
705
47
537
525
229
80
156
310
114
117
118
117
117
119
114
117
116
115
113
119
119
115
114
113
117
114
118
116
118
117
115
119
792
256
254
253
254
257
252
257
258
254
255
254
258
254
252
254
257
252
254
254
253
254
253
253
258
701
547
680
354
27
685
446
441
443
447
446
442
445
443
446
441
441
445
444
446
445
443
442
442
447
441
443
446
447
447
301
301
869
594
79
197
275
105
143
642
132
784
784
787
784
783
787
785
783
784
782
783
781
784
786
787
781
784
785
782
781
787
781
787
784
640
641
302
31
413
422
232
251
667
119
148
497
442
612
191
185
888
150
154
152
154
151
150
155
155
154
150
155
155
153
154
154
155
153
152
152
154
150
151
150
155
265
348
602
266
762
67
460
39
449
287
342
18
329
835
370
735
17
643
315
617
872
874
872
875
873
872
878
873
872
877
876
874
873
878
877
874
873
876
872
878
873
877
875
874
712
21
283
281
279
279
283
281
278
279
284
278
279
282
283
278
278
280
284
278
283
279
284
279
281
280
809
670
670
509
631
863
249
218
100
42
93
743
444
460
753
651
326
215
306
688
534
469
253
270
314
840
721
712
463
601
330
733
349
828
732
602
201
683
15
17
20
18
15
19
20
15
18
20
16
17
21
19
17
21
17
16
20
18
19
18
18
17
776
794
615
109
93
467
357
701
784
187
465
487
701
704
700
706
702
702
706
702
702
700
703
705
702
701
702
703
700
704
704
702
702
702
706
704
76
357
827
637
630
270
456
355
116
48
811
885
37
694
254
258
254
256
253
258
259
258
256
257
253
255
253
254
253
253
255
256
257
258
259
259
257
255
341
346
236
530
532
533
534
529
534
535
532
531
529
533
530
534
534
529
533
530
529
535
534
533
531
530
535
585
505
457
39
691
868
641
400
881
880
875
876
879
877
879
876
875
875
881
879
876
879
876
875
876
876
879
876
878
878
875
877
797
16
10
788
88
692
374
191
193
191
195
190
190
195
193
190
193
190
195
193
195
189
191
193
193
193
194
193
189
193
190
479
189
369
152
156
156
151
152
153
156
150
152
156
152
152
156
155
152
156
151
153
151
151
151
154
153
154
814
250
374
451
581
96
397
706
3
628
629
861
614
412
62
171
328
637
589
233
261
471
471
467
468
471
467
469
471
466
467
469
471
465
468
470
466
467
466
467
465
471
467
469
468
232
225
623
880
650
567
128
399
677
756
895
480
818
762
673
353
145
510
726
246
473
206
508
466
853
851
849
852
850
853
854
851
848
850
850
849
849
854
414
299
239
548
108
285
87
349
470
151
551
499
558
85
262
217
167
121
274
333
562
16
348
519
0
157
368
492
104
249
396
236
270
52
5
353
551
580
274
327
31
519
1
591
397
246
471
495
298
129
394
27
222
233
432
66
95
318
73
345
135
439
117
115
217
104
178
197
205
548
377
80
538
255
280
200
512
197
281
80
0
1
2
3
4
5
6
7
8
9
10
11
12
13
14
15
16
17
18
19
20
21
22
23
24
25
26
27
28
29
30
31
32
33
34
44
36
37
38
39
40
41
42
43
44
45
46
47
48
49
50
51
52
53
54
55
56
57
58
59
60
61
62
63
11
0
12
8
4
8
11
11
4
7
12
14
8
4
1
5
13
14
9
11
7
13
10
11
9
13
3
9
8
10
2
12
0
7
1
10
9
10
12
14
14
1
11
6
6
15
5
11
2
2
2
12
10
0
8
4
0
6
11
6
7
1
3
15
-6
-6
-3
0
3
6
9
12
15
18
21
24
27
81
84
87
-6
-3
0
3
6
9
12
15
18
21
24
27
30
33
36
39
81
84
60
63
66
87
-6
-3
0
3
6
9
12
15
30
33
36
39
42
45
48
51
54
57
60
63
66
69
72
75
78
81
64
65
66
67
68
69
70
71
72
73
74
75
76
77
78
79
80
81
82
83
84
85
86
87
88
89
90
91
92
93
94
95
96
97
98
99
100
101
102
103
104
105
106
107
108
109
110
111
112
113
110
115
116
117
118
119
105
121
122
123
124
125
126
127
8
5
11
2
4
11
0
12
15
2
12
12
11
9
45
9
3
13
7
41
11
2
11
14
6
11
12
5
8
2
1
81
9
9
1
11
14
2
14
15
5
0
2
10
2
1
0
1
11
14
6
11
1
7
11
5
0
14
1
7
4
13
2
12
84
87
-6
-3
0
3
6
9
12
15
18
21
24
27
30
33
48
51
54
57
60
63
66
69
42
45
48
51
54
57
60
63
66
69
72
75
78
81
84
87
-6
12
15
18
21
24
27
30
33
36
39
42
6
9
12
15
18
21
24
27
30
33
36
39
128
129
130
131
132
133
134
135
136
137
138
139
140
141
142
143
144
145
146
147
148
149
150
151
152
153
154
165
156
157
158
159
160
161
162
163
164
165
166
167
168
169
170
171
172
173
174
175
176
177
178
179
180
181
182
183
184
185
186
187
188
199
190
191
13
12
12
11
12
5
8
4
12
142
0
12
11
8
15
2
0
5
11
13
11
9
5
2
13
2
15
0
9
14
1
5
0
14
9
0
2
4
6
4
3
2
4
3
10
13
15
8
8
11
13
2
8
11
10
15
15
6
12
6
7
6
1
12
42
72
75
78
81
66
69
72
75
78
81
84
87
-6
-3
0
36
39
42
45
48
51
54
57
60
63
66
69
72
75
78
81
84
87
-6
-3
0
3
6
9
12
81
84
87
-6
-3
0
3
6
9
12
15
24
27
30
33
36
39
42
84
87
90
93
0
192
193
194
195
196
197
198
185
200
201
202
203
204
205
206
207
208
209
210
211
212
213
214
215
216
207
218
219
220
221
222
223
224
225
226
239
228
229
230
231
232
233
234
235
236
237
238
239
240
241
242
243
244
245
246
247
248
249
250
251
252
253
254
255
13
5
6
9
15
4
9
8
0
7
4
7
0
0
0
7
7
5
12
12
12
5
7
15
4
2
3
3
0
64
2
4
5
1
8
14
3
7
2
1
0
0
4
4
1
1
10
2
10
13
11
2
14
0
2
9
13
3
4
9
5
13
1
0
3
6
9
12
15
18
75
78
81
84
87
90
93
0
3
6
9
12
15
18
21
75
78
81
84
87
90
93
0
3
6
9
12
15
18
21
24
27
30
33
57
60
63
66
69
72
75
45
48
51
54
57
60
63
66
69
72
75
78
81
84
87
90
93
