33562513
16778174
16778936
33562512
33562511
33562509
16778176
33562506
33562508
16778177
16785308
16778172
16777221
16785309
16777218
33562510
16777217
16777216
16778175
33562507
33562505
33562499
33562503
33562500
33562501
16778169
16778974
16778975
16778976
33562508
16778977
16778978
16778172
16778979
16778980
16778981
16778982
16777217
16777216
16778175
33562507
16778983
33562505
33562499
33562503
33562500
33562501
16778169
16778984
16778985
33562508
16778986
16778987
16778172
16778988
16778989
16778990
16778991
16777217
16777216
16778175
33562507
16778992
33562505
33562499
33562503
33562500
33562501
16778169
16778993
16778994
33562508
16778995
16778996
16778172
16778997
16778998
16778999
16779000
16777217
16777216
16778175
33562507
16779001
33562505
33562499
33562503
33562500
33562501
16778169
16779002
16779003
33562508
16779004
16779005
16778172
16779006
16779007
16779008
16779009
16777217
16777216
16778175
33562507
16779010
33562505
33562499
33562503
33562500
33562501
16778169
16779011
16779012
33562508
16779013
16779014
16778172
16779015
16779016
16779017
16779018
16777217
16777216
16778175
33562507
16779019
33562505
33562499
33562503
33562500
33562501
16778169
16779020
16779021
33562508
16779022
16779023
16778172
16779024
16779025
16779026
16779027
16777217
16777216
16778175
33562507
16779028
33562505
33562499
33562503
33562500
33562501
16778169
16779029
16779030
33562508
16779031
16779032
16778172
16779033
16779034
16779035
16779036
16777217
16777216
16778175
33562507
16779037
33562505
33562499
33562503
33562500
33562501
16778169
16779038
16779039
33562508
16779040
16779041
16778172
16779042
16779043
16779044
16779045
16777217
16777216
16778175
33562507
16779046
33562505
33562499
33562503
33562500
33562501
16778169
16779047
16779048
33562508
16779049
16779050
16778172
16779051
16779052
16779053
16779054
16777217
16777216
16778175
33562507
16779055
33562505
33562499
33562503
33562500
33562501
16778169
16779056
16779057
33562508
16779058
16779059
16778172
16779060
16779061
16779062
16779063
16777217
16777216
16778175
33562507
16779064
33562505
33562499
33562503
33562500
33562501
16778169
16779065
16779066
33562508
16779067
16779068
16778172
16779069
16779070
16779071
16779072
16777217
16777216
16778175
33562507
16779073
33562505
33562499
33562503
33562500
33562501
16778169
16779074
16779075
33562508
16779076
16779077
16778172
16779078
16779079
16779080
16779081
16777217
16777216
16778175
33562507
16779082
33562505
33562499
33562503
33562500
33562501
16778169
16779083
16779084
33562508
16779085
16779086
16778172
16779087
16779088
16779089
16779090
16777217
16777216
16778175
33562507
16779091
33562505
33562499
33562503
33562500
33562501
16778169
16779092
16779093
33562508
16779094
16779095
16778172
16779096
16779097
16779098
16779099
16777217
16777216
16778175
33562507
16779100
33562505
33562499
33562503
33562500
33562501
16778169
16779101
33562509
33562508
16779102
16779103
16778172
16779104
16779105
16779106
16779107
16777217
16777216
16778175
33562507
16779108
33562505
33562499
33562503
33562500
33562501
16778169
16779109
16779110
33562508
16779111
16779112
16778172
16779113
16779114
16779115
16779116
16777217
16777216
16778175
33562507
16779117
33562505
33562499
33562503
33562500
33562501
16778169
16779118
16779119
33562508
16779120
16779121
16778172
16779122
16779123
16779124
16779125
16777217
16777216
16778175
33562507
16779126
33562505
33562499
33562503
33562500
33562501
16778169
16779127
16779128
33562508
16779129
16779130
16778172
16779131
16779132
16779133
16779134
16777217
16777216
16778175
33562507
16779135
33562505
33562499
33562503
33562500
33562501
16778169
16779136
16779137
33562508
16779138
16779139
16778172
16779140
16779141
16779142
16779143
16777217
16777216
16778175
33562507
16779144
33562505
33562499
33562503
33562500
33562501
16778169
16779145
16779146
33562508
16779147
16779148
16778172
16779149
16779150
16779151
16779152
16777217
16777216
16778175
33562507
16779153
33562505
33562499
33562503
33562500
33562501
16778169
16779154
16779155
33562508
16779156
16779157
16778172
16779158
16779159
16779160
16779161
16777217
16777216
16778175
33562507
16779162
33562505
33562499
33562503
33562500
33562501
16778169
16779163
16779164
33562508
16779165
16779166
16778172
16779167
16779168
16779169
16779170
16777217
16777216
16778175
33562507
16779171
33562505
33562499
33562503
33562500
33562501
16778169
16779172
16779173
33562508
16779174
16779175
16778172
16779176
16779177
16779178
16779179
16777217
16777216
16778175
33562507
16779180
33562505
33562499
33562503
33562500
33562501
16778169
16779181
16779182
33562508
16779183
16779184
16778172
16779185
16779186
16779187
16779188
16777217
16777216
16778175
33562507
16779189
33562505
33562499
33562503
33562500
33562501
16778169
16779190
16779191
33562508
16779192
16779193
16778172
16779194
16779195
16779196
16779197
16777217
16777216
16778175
33562507
16779198
33562505
33562499
33562503
33562500
33562501
16778169
16779199
16779200
33562508
16779201
16779202
16778172
16779203
16779204
16779205
16779206
16777217
16777216
16778175
33562507
16779207
33562505
33562499
33562503
33562500
33562501
16778169
16779208
16779209
33562508
16779210
16779211
16778172
16779212
16779213
16779214
16779215
16777217
16777216
16778175
33562507
16779216
33562505
33562499
33562503
33562500
33562501
16778169
16779217
16779218
33562508
16779219
16779220
16778172
16779221
16779222
16779223
16779224
16777217
16777216
16778175
33562507
16779225
33562505
33562499
33562503
33562500
33562501
16778169
16779226
16779227
33562508
16779228
16779229
16778172
33562509
16779230
16779231
16779232
16779233
16779234
16779235
33562507
16779236
16779237
16779238
16779239
16779240
16779241
16779242
16779243
16779244
16779245
16779246
16779247
16778172
16779248
16779249
16779250
16779251
16779252
16779253
16779254
33562507
16779255
16779256
16779257
16779258
16779259
16779260
16779261
16779262
16779263
16779264
16779265
16779266
16778172
16779267
16779268
16779269
16779270
16779271
16779272
16779273
33562507
16779274
16779275
16779276
16779277
16779278
16779279
16779280
16779281
16779282
16779283
16779284
16779285
16778172
16779286
16779287
16779288
16779289
16779290
16779291
16779292
33562507
16779293
16779294
16779295
16779296
16779297
16779298
16779299
16779300
16779301
16779302
16779303
16779304
16778172
16779305
16779306
16779307
16779308
16779309
16779310
16779311
33562507
16779312
16779313
16779314
16779315
16779316
16779317
16779318
16779319
16779320
16779321
16779322
16779323
16778172
16779324
16779325
16779326
16779327
16779328
16779329
16779330
33562507
16779331
16779332
16779333
16779334
16779335
16779336
16779337
16779338
16779339
16779340
16779341
16779342
16778172
16779343
16779344
16779345
16779346
16779347
16779348
16779349
33562507
16779350
16779351
16779352
16779353
16779354
16779355
16779356
16779357
33562510
33562511
33562509
16778974
16779102
16779230
16778172
16778982
16778990
16779103
16778998
16779006
16779104
16779014
16779022
16779105
16779030
16779038
16779106
16779046
16779054
16779107
33562510
33562511
33562509
16779062
16779230
16778172
16779070
16779108
16779078
16779086
16779109
16779094
16778974
16779110
16779238
16778982
16778990
16779111
16778998
16779006
16779112
33562510
33562511
33562509
16779014
16779022
16779113
16778172
16779030
16779038
16779114
16779046
16779054
16779115
16779062
16779238
16779070
16779116
16779078
16779086
16779117
16779094
33562510
33562511
33562509
16778974
16779118
16779246
16778172
16778982
16778990
16779119
16778998
16779006
16779120
16779014
16779022
16779121
16779030
16779038
16779122
16779046
16779054
16779123
33562510
33562511
33562509
16779062
16779246
16778172
16779070
16779124
16779078
16779086
16779125
16779094
16778974
16779126
16779254
16778982
16778990
16779127
16778998
16779006
16779128
33562510
33562511
33562509
16779014
16779022
16779129
16778172
16779030
16779038
16779130
16779046
16779054
16779131
16779062
16779254
16779070
16779132
16779078
16779086
16779133
16779094
33562510
33562511
33562509
16778974
16779134
16779262
16778172
16778982
16778990
16779135
16778998
16779006
16779136
16779014
16779022
16779137
16779030
16779038
16779138
16779046
16779054
16779139
33562510
33562511
33562509
16779062
16779262
16778172
16779070
16779140
16779078
16779086
16779141
16779094
16778974
16779142
16779270
16778982
16778990
16779143
16778998
16779006
16779144
33562510
33562511
33562509
16779014
16779022
16779145
16778172
16779030
16779038
16779146
16779046
16779054
16779147
16779062
16779270
16779070
16779148
16779078
16779086
16779149
16779094
33562510
33562511
33562509
16778974
16779150
16779278
16778172
16778982
16778990
16779151
16778998
16779006
16779152
16779014
16779022
16779153
16779030
16779038
16779154
16779046
16779054
16779155
33562510
33562511
33562509
16779062
16779278
16778172
16779070
16779156
16779078
16779086
16779157
16779094
16778974
16779158
16779286
16778982
16778990
16779159
16778998
16779006
16779160
33562510
33562511
33562509
16779014
16779022
16779161
16778172
16779030
16779038
16779162
16779046
16779054
16779163
16779062
16779286
16779070
16779164
16779078
16779086
16779165
16779094
33562510
33562511
33562509
16778974
16779166
16779294
16778172
16778982
16778990
16779167
16778998
16779006
16779168
16779014
16779022
16779169
16779030
16779038
16779170
16779046
16779054
16779171
33562510
33562511
33562509
16779062
16779294
16778172
16779070
16779172
16779078
16779086
16779173
16779094
16778974
16779174
16779302
16778982
16778990
16779175
16778998
16779006
16779176
33562510
33562511
33562509
16779014
16779022
16779177
16778172
16779030
16779038
16779178
16779046
16779054
16779179
16779062
16779302
16779070
16779180
16779078
16779086
16779181
16779094
33562510
33562511
33562509
16778974
16779182
16779310
16778172
16778982
16778990
16779183
16778998
16779006
16779184
16779014
16779022
16779185
16779030
16779038
16779186
16779046
16779054
16779187
33562510
33562511
33562509
16779062
16779310
16778172
16779070
16779188
16779078
16779086
16779189
16779094
16778974
16779190
16779318
16778982
16778990
16779191
16778998
16779006
16779192
33562510
33562511
33562509
16779014
16779022
16779193
16778172
16779030
16779038
16779194
16779046
16779054
16779195
16779062
16779318
16779070
16779196
16779078
16779086
16779197
16779094
33562510
33562511
33562509
16778974
16779198
16779326
16778172
16778982
16778990
16779199
16778998
16779006
16779200
16779014
16779022
16779201
16779030
16779038
16779202
16779046
16779054
16779203
33562510
33562511
33562509
16779062
16779326
16778172
16779070
16779204
16779078
16779086
16779205
16779094
16778974
16779206
16779334
16778982
16778990
16779207
16778998
16779006
16779208
33562510
33562511
33562509
16779014
16779022
16779209
16778172
16779030
16779038
16779210
16779046
16779054
16779211
16779062
16779334
16779070
16779212
16779078
16779086
16779213
16779094
33562510
33562511
33562509
16778974
16779214
16779342
16778172
16778982
16778990
16779215
16778998
16779006
16779216
16779014
16779022
16779217
16779030
16779038
16779218
16779046
16779054
16779219
33562510
33562511
33562509
16779062
16779342
16778172
16779070
16779220
16779078
16779086
16779221
16779094
16778974
16779222
16779350
16778982
16778990
16779223
16778998
16779006
16779224
33562510
33562511
33562509
16779014
16779022
16779225
16778172
16779030
16779038
16779226
16779046
16779054
16779227
16779062
16779350
16779070
16779228
16779078
16779086
16779229
16779094
33562510
33562511
33562509
16778974
16779102
16779230
16778172
16778982
16778990
16779103
16778998
16779006
16779104
16779014
16779022
16779105
16779030
16779038
16779106
16779046
16779054
16779107
33562510
33562511
33562509
16779062
16779230
16778172
16779070
16779108
16779078
16779086
16779109
16779094
16778974
16779110
16779238
16778982
16778990
16779111
16778998
16779006
16779112
33562510
33562511
33562509
16779014
16779022
16779113
16778172
16779030
16779038
16779114
16779046
16779054
16779115
16779062
16779238
16779070
16779116
16779078
16779086
16779117
16779094
33562510
33562511
33562509
16778974
16779118
16779246
16778172
16778982
16778990
16779119
16778998
16779006
16779120
16779014
16779022
16779121
16779030
16779038
16779122
16779046
16779054
16779123
33562510
33562511
33562509
16779062
16779246
16778172
16779070
16779124
16779078
16779086
16779125
16779094
16778974
16779126
16779254
16778982
16778990
16779127
16778998
16779006
16779128
33562510
33562511
33562509
16779014
16779022
16779129
16778172
16779030
16779038
16779130
16779046
16779054
16779131
16779062
16779254
16779070
16779132
16779078
16779086
16779133
16779094
33562510
33562511
33562509
16778974
16779134
16779262
16778172
16778982
16778990
16779135
16778998
16779006
16779136
16779014
16779022
16779137
16779030
16779038
16779138
16779046
16779054
16779139
33562510
33562511
33562509
16779062
16779262
16778172
16779070
16779140
16779078
16779086
16779141
16779094
16778974
16779142
16779270
16778982
16778990
16779143
16778998
16779006
16779144
33562510
33562511
33562509
16779014
16779022
16779145
16778172
16779030
16779038
16779146
16779046
16779054
16779147
16779062
16779270
16779070
16779148
16779078
16779086
16779149
16779094
33562510
33562511
33562509
16778974
16779150
16779278
16778172
16778982
16778990
16779151
16778998
16779006
16779152
16779014
16779022
16779153
16779030
16779038
16779154
16779046
16779054
16779155
33562510
33562511
33562509
16779062
16779278
16778172
16779070
16779156
16779078
16779086
16779157
16779094
16778974
16779158
16779286
16778982
16778990
16779159
16778998
16779006
16779160
33562510
33562511
33562509
16779014
16779022
16779161
16778172
16779030
16779038
16779162
16779046
16779054
16779163
16779062
16779286
16779070
16779164
16779078
16779086
16779165
16779094
33562510
33562511
33562509
16778974
16779166
16779294
16778172
16778982
16778990
16779167
16778998
16779006
16779168
16779014
16779022
16779169
16779030
16779038
16779170
16779046
16779054
16779171
33562510
33562511
33562509
16779062
16779294
16778172
16779070
16779172
16779078
16779086
16779173
16779094
16778974
16779174
16779302
16778982
16778990
16779175
16778998
16779006
16779176
33562510
33562511
33562509
16779014
16779022
16779177
16778172
16779030
16779038
16779178
16779046
16779054
16779179
16779062
16779302
16779070
16779180
16779078
16779086
16779181
16779094
33562510
33562511
33562509
16778974
16779182
16779310
16778172
16778982
16778990
16779183
16778998
16779006
16779184
16779014
16779022
16779185
16779030
16779038
16779186
16779046
16779054
16779187
33562510
33562511
33562509
16779062
16779310
16778172
16779070
16779188
16779078
16779086
16779189
16779094
16778974
16779190
16779318
16778982
16778990
16779191
16778998
16779006
16779192
33562510
33562511
33562509
16779014
16779022
16779193
16778172
16779030
16779038
16779194
16779046
16779054
16779195
16779062
16779318
16779070
16779196
16779078
16779086
16779197
16779094
33562510
33562511
33562509
16778974
16779198
16779326
16778172
16778982
16778990
16779199
16778998
16779006
16779200
16779014
16779022
16779201
16779030
16779038
16779202
16779046
16779054
16779203
33562510
33562511
33562509
16779062
16779326
16778172
16779070
16779204
16779078
16779086
16779205
16779094
16778974
16779206
16779334
16778982
16778990
16779207
16778998
16779006
16779208
33562510
33562511
33562509
16779014
16779022
16779209
16778172
16779030
16779038
16779210
16779046
16779054
16779211
16779062
16779334
16779070
16779212
16779078
16779086
16779213
16779094
33562510
33562511
33562509
16778974
16779214
16779342
16778172
16778982
16778990
16779215
16778998
16779006
16779216
16779014
16779022
16779217
16779030
16779038
16779218
16779046
16779054
16779219
33562510
33562511
33562509
16779062
16779342
16778172
16779070
16779220
16779078
16779086
16779221
16779094
16778974
16779222
16779350
16778982
16778990
16779223
16778998
16779006
16779224
33562510
33562511
33562509
16779014
16779022
16779225
16778172
16779030
16779038
16779226
16779046
16779054
16779227
16779062
16779350
16779070
16779228
16779078
16779086
16779229
16779094
33562510
33562511
33562509
16778975
16779102
16779231
16778172
16778983
16778991
16779103
16778999
16779007
16779104
16779015
16779023
16779105
16779031
16779039
16779106
16779047
16779055
16779107
33562510
33562511
33562509
16779063
16779231
16778172
16779071
16779108
16779079
16779087
16779109
16779095
16778975
16779110
16779239
16778983
16778991
16779111
16778999
16779007
16779112
33562510
33562511
33562509
16779015
16779023
16779113
16778172
16779031
16779039
16779114
16779047
16779055
16779115
16779063
16779239
16779071
16779116
16779079
16779087
16779117
16779095
33562510
33562511
33562509
16778975
16779118
16779247
16778172
16778983
16778991
16779119
16778999
16779007
16779120
16779015
16779023
16779121
16779031
16779039
16779122
16779047
16779055
16779123
33562510
33562511
33562509
16779063
16779247
16778172
16779071
16779124
16779079
16779087
16779125
16779095
16778975
16779126
16779255
16778983
16778991
16779127
16778999
16779007
16779128
33562510
33562511
33562509
16779015
16779023
16779129
16778172
16779031
16779039
16779130
16779047
16779055
16779131
16779063
16779255
16779071
16779132
16779079
16779087
16779133
16779095
33562510
33562511
33562509
16778975
16779134
16779263
16778172
16778983
16778991
16779135
16778999
16779007
16779136
16779015
16779023
16779137
16779031
16779039
16779138
16779047
16779055
16779139
33562510
33562511
33562509
16779063
16779263
16778172
16779071
16779140
16779079
16779087
16779141
16779095
16778975
16779142
16779271
16778983
16778991
16779143
16778999
16779007
16779144
33562510
33562511
33562509
16779015
16779023
16779145
16778172
16779031
16779039
16779146
16779047
16779055
16779147
16779063
16779271
16779071
16779148
16779079
16779087
16779149
16779095
33562510
33562511
33562509
16778975
16779150
16779279
16778172
16778983
16778991
16779151
16778999
16779007
16779152
16779015
16779023
16779153
16779031
16779039
16779154
16779047
16779055
16779155
33562510
33562511
33562509
16779063
16779279
16778172
16779071
16779156
16779079
16779087
16779157
16779095
16778975
16779158
16779287
16778983
16778991
16779159
16778999
16779007
16779160
33562510
33562511
33562509
16779015
16779023
16779161
16778172
16779031
16779039
16779162
16779047
16779055
16779163
16779063
16779287
16779071
16779164
16779079
16779087
16779165
16779095
33562510
33562511
33562509
16778975
16779166
16779295
16778172
16778983
16778991
16779167
16778999
16779007
16779168
16779015
16779023
16779169
16779031
16779039
16779170
16779047
16779055
16779171
33562510
33562511
33562509
16779063
16779295
16778172
16779071
16779172
16779079
16779087
16779173
16779095
16778975
16779174
16779303
16778983
16778991
16779175
16778999
16779007
16779176
33562510
33562511
33562509
16779015
16779023
16779177
16778172
16779031
16779039
16779178
16779047
16779055
16779179
16779063
16779303
16779071
16779180
16779079
16779087
16779181
16779095
33562510
33562511
33562509
16778975
16779182
16779311
16778172
16778983
16778991
16779183
16778999
16779007
16779184
16779015
16779023
16779185
16779031
16779039
16779186
16779047
16779055
16779187
33562510
33562511
33562509
16779063
16779311
16778172
16779071
16779188
16779079
16779087
16779189
16779095
16778975
16779190
16779319
16778983
16778991
16779191
16778999
16779007
16779192
33562510
33562511
33562509
16779015
16779023
16779193
16778172
16779031
16779039
16779194
16779047
16779055
16779195
16779063
16779319
16779071
16779196
16779079
16779087
16779197
16779095
33562510
33562511
33562509
16778975
16779198
16779327
16778172
16778983
16778991
16779199
16778999
16779007
16779200
16779015
16779023
16779201
16779031
16779039
16779202
16779047
16779055
16779203
33562510
33562511
33562509
16779063
16779327
16778172
16779071
16779204
16779079
16779087
16779205
16779095
16778975
16779206
16779335
16778983
16778991
16779207
16778999
16779007
16779208
33562510
33562511
33562509
16779015
16779023
16779209
16778172
16779031
16779039
16779210
16779047
16779055
16779211
16779063
16779335
16779071
16779212
16779079
16779087
16779213
16779095
33562510
33562511
33562509
16778975
16779214
16779343
16778172
16778983
16778991
16779215
16778999
16779007
16779216
16779015
16779023
16779217
16779031
16779039
16779218
16779047
16779055
16779219
33562510
33562511
33562509
16779063
16779343
16778172
16779071
16779220
16779079
16779087
16779221
16779095
16778975
16779222
16779351
16778983
16778991
16779223
16778999
16779007
16779224
33562510
33562511
33562509
16779015
16779023
16779225
16778172
16779031
16779039
16779226
16779047
16779055
16779227
16779063
16779351
16779071
16779228
16779079
16779087
16779229
16779095
33562510
33562511
33562509
16778975
16779102
16779231
16778172
16778983
16778991
16779103
16778999
16779007
16779104
16779015
16779023
16779105
16779031
16779039
16779106
16779047
16779055
16779107
33562510
33562511
33562509
16779063
16779231
16778172
16779071
16779108
16779079
16779087
16779109
16779095
16778975
16779110
16779239
16778983
16778991
16779111
16778999
16779007
16779112
33562510
33562511
33562509
16779015
16779023
16779113
16778172
16779031
16779039
16779114
16779047
16779055
16779115
16779063
16779239
16779071
16779116
16779079
16779087
16779117
16779095
33562510
33562511
33562509
16778975
16779118
16779247
16778172
16778983
16778991
16779119
16778999
16779007
16779120
16779015
16779023
16779121
16779031
16779039
16779122
16779047
16779055
16779123
33562510
33562511
33562509
16779063
16779247
16778172
16779071
16779124
16779079
16779087
16779125
16779095
16778975
16779126
16779255
16778983
16778991
16779127
16778999
16779007
16779128
33562510
33562511
33562509
16779015
16779023
16779129
16778172
16779031
16779039
16779130
16779047
16779055
16779131
16779063
16779255
16779071
16779132
16779079
16779087
16779133
16779095
33562510
33562511
33562509
16778975
16779134
16779263
16778172
16778983
16778991
16779135
16778999
16779007
16779136
16779015
16779023
16779137
16779031
16779039
16779138
16779047
16779055
16779139
33562510
33562511
33562509
16779063
16779263
16778172
16779071
16779140
16779079
16779087
16779141
16779095
16778975
16779142
16779271
16778983
16778991
16779143
16778999
16779007
16779144
33562510
33562511
33562509
16779015
16779023
16779145
16778172
16779031
16779039
16779146
16779047
16779055
16779147
16779063
16779271
16779071
16779148
16779079
16779087
16779149
16779095
33562510
33562511
33562509
16778975
16779150
16779279
16778172
16778983
16778991
16779151
16778999
16779007
16779152
16779015
16779023
16779153
16779031
16779039
16779154
16779047
16779055
16779155
33562510
33562511
33562509
16779063
16779279
16778172
16779071
16779156
16779079
16779087
16779157
16779095
16778975
16779158
16779287
16778983
16778991
16779159
16778999
16779007
16779160
33562510
33562511
33562509
16779015
16779023
16779161
16778172
16779031
16779039
16779162
16779047
16779055
16779163
16779063
16779287
16779071
16779164
16779079
16779087
16779165
16779095
33562510
33562511
33562509
16778975
16779166
16779295
16778172
16778983
16778991
16779167
16778999
16779007
16779168
16779015
16779023
16779169
16779031
16779039
16779170
16779047
16779055
16779171
33562510
33562511
33562509
16779063
16779295
16778172
16779071
16779172
16779079
16779087
16779173
16779095
16778975
16779174
16779303
16778983
16778991
16779175
16778999
16779007
16779176
33562510
33562511
33562509
16779015
16779023
16779177
16778172
16779031
16779039
16779178
16779047
16779055
16779179
16779063
16779303
16779071
16779180
16779079
16779087
16779181
16779095
33562510
33562511
33562509
16778975
16779182
16779311
16778172
16778983
16778991
16779183
16778999
16779007
16779184
16779015
16779023
16779185
16779031
16779039
16779186
16779047
16779055
16779187
33562510
33562511
33562509
16779063
16779311
16778172
16779071
16779188
16779079
16779087
16779189
16779095
16778975
16779190
16779319
16778983
16778991
16779191
16778999
16779007
16779192
33562510
33562511
33562509
16779015
16779023
16779193
16778172
16779031
16779039
16779194
16779047
16779055
16779195
16779063
16779319
16779071
16779196
16779079
16779087
16779197
16779095
33562510
33562511
33562509
16778975
16779198
16779327
16778172
16778983
16778991
16779199
16778999
16779007
16779200
16779015
16779023
16779201
16779031
16779039
16779202
16779047
16779055
16779203
33562510
33562511
33562509
16779063
16779327
16778172
16779071
16779204
16779079
16779087
16779205
16779095
16778975
16779206
16779335
16778983
16778991
16779207
16778999
16779007
16779208
33562510
33562511
33562509
16779015
16779023
16779209
16778172
16779031
16779039
16779210
16779047
16779055
16779211
16779063
16779335
16779071
16779212
16779079
16779087
16779213
16779095
33562510
33562511
33562509
16778975
16779214
16779343
16778172
16778983
16778991
16779215
16778999
16779007
16779216
16779015
16779023
16779217
16779031
16779039
16779218
16779047
16779055
16779219
33562510
33562511
33562509
16779063
16779343
16778172
16779071
16779220
16779079
16779087
16779221
16779095
16778975
16779222
16779351
16778983
16778991
16779223
16778999
16779007
16779224
33562510
33562511
33562509
16779015
16779023
16779225
16778172
16779031
16779039
16779226
16779047
16779055
16779227
16779063
16779351
16779071
16779228
16779079
16779087
16779229
16779095
33562510
33562511
33562509
16778976
16779102
16779232
16778172
16778984
16778992
16779103
16779000
16779008
16779104
16779016
16779024
16779105
16779032
16779040
16779106
16779048
16779056
16779107
33562510
33562511
33562509
16779064
16779232
16778172
16779072
16779108
16779080
16779088
16779109
16779096
16778976
16779110
16779240
16778984
16778992
16779111
16779000
16779008
16779112
33562510
33562511
33562509
16779016
16779024
16779113
16778172
16779032
16779040
16779114
16779048
16779056
16779115
16779064
16779240
16779072
16779116
16779080
16779088
16779117
16779096
33562510
33562511
33562509
16778976
16779118
16779248
16778172
16778984
16778992
16779119
16779000
16779008
16779120
16779016
16779024
16779121
16779032
16779040
16779122
16779048
16779056
16779123
33562510
33562511
33562509
16779064
16779248
16778172
16779072
16779124
16779080
16779088
16779125
16779096
16778976
16779126
16779256
16778984
16778992
16779127
16779000
16779008
16779128
33562510
33562511
33562509
16779016
16779024
16779129
16778172
16779032
16779040
16779130
16779048
16779056
16779131
16779064
16779256
16779072
16779132
16779080
16779088
16779133
16779096
33562510
33562511
33562509
16778976
16779134
16779264
16778172
16778984
16778992
16779135
16779000
16779008
16779136
16779016
16779024
16779137
16779032
16779040
16779138
16779048
16779056
16779139
33562510
33562511
33562509
16779064
16779264
16778172
16779072
16779140
16779080
16779088
16779141
16779096
16778976
16779142
16779272
16778984
16778992
16779143
16779000
16779008
16779144
33562510
33562511
33562509
16779016
16779024
16779145
16778172
16779032
16779040
16779146
16779048
16779056
16779147
16779064
16779272
16779072
16779148
16779080
16779088
16779149
16779096
33562510
33562511
33562509
16778976
16779150
16779280
16778172
16778984
16778992
16779151
16779000
16779008
16779152
16779016
16779024
16779153
16779032
16779040
16779154
16779048
16779056
16779155
33562510
33562511
33562509
16779064
16779280
16778172
16779072
16779156
16779080
16779088
16779157
16779096
16778976
16779158
16779288
16778984
16778992
16779159
16779000
16779008
16779160
33562510
33562511
33562509
16779016
16779024
16779161
16778172
16779032
16779040
16779162
16779048
16779056
16779163
16779064
16779288
16779072
16779164
16779080
16779088
16779165
16779096
33562510
33562511
33562509
16778976
16779166
16779296
16778172
16778984
16778992
16779167
16779000
16779008
16779168
16779016
16779024
16779169
16779032
16779040
16779170
16779048
16779056
16779171
33562510
33562511
33562509
16779064
16779296
16778172
16779072
16779172
16779080
16779088
16779173
16779096
16778976
16779174
16779304
16778984
16778992
16779175
16779000
16779008
16779176
33562510
33562511
33562509
16779016
16779024
16779177
16778172
16779032
16779040
16779178
16779048
16779056
16779179
16779064
16779304
16779072
16779180
16779080
16779088
16779181
16779096
33562510
33562511
33562509
16778976
16779182
16779312
16778172
16778984
16778992
16779183
16779000
16779008
16779184
16779016
16779024
16779185
16779032
16779040
16779186
16779048
16779056
16779187
33562510
33562511
33562509
16779064
16779312
16778172
16779072
16779188
16779080
16779088
16779189
16779096
16778976
16779190
16779320
16778984
16778992
16779191
16779000
16779008
16779192
33562510
33562511
33562509
16779016
16779024
16779193
16778172
16779032
16779040
16779194
16779048
16779056
16779195
16779064
16779320
16779072
16779196
16779080
16779088
16779197
16779096
33562510
33562511
33562509
16778976
16779198
16779328
16778172
16778984
16778992
16779199
16779000
16779008
16779200
16779016
16779024
16779201
16779032
16779040
16779202
16779048
16779056
16779203
33562510
33562511
33562509
16779064
16779328
16778172
16779072
16779204
16779080
16779088
16779205
16779096
16778976
16779206
16779336
16778984
16778992
16779207
16779000
16779008
16779208
33562510
33562511
33562509
16779016
16779024
16779209
16778172
16779032
16779040
16779210
16779048
16779056
16779211
16779064
16779336
16779072
16779212
16779080
16779088
16779213
16779096
33562510
33562511
33562509
16778976
16779214
16779344
16778172
16778984
16778992
16779215
16779000
16779008
16779216
16779016
16779024
16779217
16779032
16779040
16779218
16779048
16779056
16779219
33562510
33562511
33562509
16779064
16779344
16778172
16779072
16779220
16779080
16779088
16779221
16779096
16778976
16779222
16779352
16778984
16778992
16779223
16779000
16779008
16779224
33562510
33562511
33562509
16779016
16779024
16779225
16778172
16779032
16779040
16779226
16779048
16779056
16779227
16779064
16779352
16779072
16779228
16779080
16779088
16779229
16779096
33562510
33562511
33562509
16778976
16779102
16779232
16778172
16778984
16778992
16779103
16779000
16779008
16779104
16779016
16779024
16779105
16779032
16779040
16779106
16779048
16779056
16779107
33562510
33562511
33562509
16779064
16779232
16778172
16779072
16779108
16779080
16779088
16779109
16779096
16778976
16779110
16779240
16778984
16778992
16779111
16779000
16779008
16779112
33562510
33562511
33562509
16779016
16779024
16779113
16778172
16779032
16779040
16779114
16779048
16779056
16779115
16779064
16779240
16779072
16779116
16779080
16779088
16779117
16779096
33562510
33562511
33562509
16778976
16779118
16779248
16778172
16778984
16778992
16779119
16779000
16779008
16779120
16779016
16779024
16779121
16779032
16779040
16779122
16779048
16779056
16779123
33562510
33562511
33562509
16779064
16779248
16778172
16779072
16779124
16779080
16779088
16779125
16779096
16778976
16779126
16779256
16778984
16778992
16779127
16779000
16779008
16779128
33562510
33562511
33562509
16779016
16779024
16779129
16778172
16779032
16779040
16779130
16779048
16779056
16779131
16779064
16779256
16779072
16779132
16779080
16779088
16779133
16779096
33562510
33562511
33562509
16778976
16779134
16779264
16778172
16778984
16778992
16779135
16779000
16779008
16779136
16779016
16779024
16779137
16779032
16779040
16779138
16779048
16779056
16779139
33562510
33562511
33562509
16779064
16779264
16778172
16779072
16779140
16779080
16779088
16779141
16779096
16778976
16779142
16779272
16778984
16778992
16779143
16779000
16779008
16779144
33562510
33562511
33562509
16779016
16779024
16779145
16778172
16779032
16779040
16779146
16779048
16779056
16779147
16779064
16779272
16779072
16779148
16779080
16779088
16779149
16779096
33562510
33562511
33562509
16778976
16779150
16779280
16778172
16778984
16778992
16779151
16779000
16779008
16779152
16779016
16779024
16779153
16779032
16779040
16779154
16779048
16779056
16779155
33562510
33562511
33562509
16779064
16779280
16778172
16779072
16779156
16779080
16779088
16779157
16779096
16778976
16779158
16779288
16778984
16778992
16779159
16779000
16779008
16779160
33562510
33562511
33562509
16779016
16779024
16779161
16778172
16779032
16779040
16779162
16779048
16779056
16779163
16779064
16779288
16779072
16779164
16779080
16779088
16779165
16779096
33562510
33562511
33562509
16778976
16779166
16779296
16778172
16778984
16778992
16779167
16779000
16779008
16779168
16779016
16779024
16779169
16779032
16779040
16779170
16779048
16779056
16779171
33562510
33562511
33562509
16779064
16779296
16778172
16779072
16779172
16779080
16779088
16779173
16779096
16778976
16779174
16779304
16778984
16778992
16779175
16779000
16779008
16779176
33562510
33562511
33562509
16779016
16779024
16779177
16778172
16779032
16779040
16779178
16779048
16779056
16779179
16779064
16779304
16779072
16779180
16779080
16779088
16779181
16779096
33562510
33562511
33562509
16778976
16779182
16779312
16778172
16778984
16778992
16779183
16779000
16779008
16779184
16779016
16779024
16779185
16779032
16779040
16779186
16779048
16779056
16779187
33562510
33562511
33562509
16779064
16779312
16778172
16779072
16779188
16779080
16779088
16779189
16779096
16778976
16779190
16779320
16778984
16778992
16779191
16779000
16779008
16779192
33562510
33562511
33562509
16779016
16779024
16779193
16778172
16779032
16779040
16779194
16779048
16779056
16779195
16779064
16779320
16779072
16779196
16779080
16779088
16779197
16779096
33562510
33562511
33562509
16778976
16779198
16779328
16778172
16778984
16778992
16779199
16779000
16779008
16779200
16779016
16779024
16779201
16779032
16779040
16779202
16779048
16779056
16779203
33562510
33562511
33562509
16779064
16779328
16778172
16779072
16779204
16779080
16779088
16779205
16779096
16778976
16779206
16779336
16778984
16778992
16779207
16779000
16779008
16779208
33562510
33562511
33562509
16779016
16779024
16779209
16778172
16779032
16779040
16779210
16779048
16779056
16779211
16779064
16779336
16779072
16779212
16779080
16779088
16779213
16779096
33562510
33562511
33562509
16778976
16779214
16779344
16778172
16778984
16778992
16779215
16779000
16779008
16779216
16779016
16779024
16779217
16779032
16779040
16779218
16779048
16779056
16779219
33562510
33562511
33562509
16779064
16779344
16778172
16779072
16779220
16779080
16779088
16779221
16779096
16778976
16779222
16779352
16778984
16778992
16779223
16779000
16779008
16779224
33562510
33562511
33562509
16779016
16779024
16779225
16778172
16779032
16779040
16779226
16779048
16779056
16779227
16779064
16779352
16779072
16779228
16779080
16779088
16779229
16779096
33562510
33562511
33562509
16778977
16779102
16779233
16778172
16778985
16778993
16779103
16779001
16779009
16779104
16779017
16779025
16779105
16779033
16779041
16779106
16779049
16779057
16779107
33562510
33562511
33562509
16779065
16779233
16778172
16779073
16779108
16779081
16779089
16779109
16779097
16778977
16779110
16779241
16778985
16778993
16779111
16779001
16779009
16779112
33562510
33562511
33562509
16779017
16779025
16779113
16778172
16779033
16779041
16779114
16779049
16779057
16779115
16779065
16779241
16779073
16779116
16779081
16779089
16779117
16779097
33562510
33562511
33562509
16778977
16779118
16779249
16778172
16778985
16778993
16779119
16779001
16779009
16779120
16779017
16779025
16779121
16779033
16779041
16779122
16779049
16779057
16779123
33562510
33562511
33562509
16779065
16779249
16778172
16779073
16779124
16779081
16779089
16779125
16779097
16778977
16779126
16779257
16778985
16778993
16779127
16779001
16779009
16779128
33562510
33562511
33562509
16779017
16779025
16779129
16778172
16779033
16779041
16779130
16779049
16779057
16779131
16779065
16779257
16779073
16779132
16779081
16779089
16779133
16779097
33562510
33562511
33562509
16778977
16779134
16779265
16778172
16778985
16778993
16779135
16779001
16779009
16779136
16779017
16779025
16779137
16779033
16779041
16779138
16779049
16779057
16779139
33562510
33562511
33562509
16779065
16779265
16778172
16779073
16779140
16779081
16779089
16779141
16779097
16778977
16779142
16779273
16778985
16778993
16779143
16779001
16779009
16779144
33562510
33562511
33562509
16779017
16779025
16779145
16778172
16779033
16779041
16779146
16779049
16779057
16779147
16779065
16779273
16779073
16779148
16779081
16779089
16779149
16779097
33562510
33562511
33562509
16778977
16779150
16779281
16778172
16778985
16778993
16779151
16779001
16779009
16779152
16779017
16779025
16779153
16779033
16779041
16779154
16779049
16779057
16779155
33562510
33562511
33562509
16779065
16779281
16778172
16779073
16779156
16779081
16779089
16779157
16779097
16778977
16779158
16779289
16778985
16778993
16779159
16779001
16779009
16779160
33562510
33562511
33562509
16779017
16779025
16779161
16778172
16779033
16779041
16779162
16779049
16779057
16779163
16779065
16779289
16779073
16779164
16779081
16779089
16779165
16779097
33562510
33562511
33562509
16778977
16779166
16779297
16778172
16778985
16778993
16779167
16779001
16779009
16779168
16779017
16779025
16779169
16779033
16779041
16779170
16779049
16779057
16779171
33562510
33562511
33562509
16779065
16779297
16778172
16779073
16779172
16779081
16779089
16779173
16779097
16778977
16779174
16779305
16778985
16778993
16779175
16779001
16779009
16779176
33562510
33562511
33562509
16779017
16779025
16779177
16778172
16779033
16779041
16779178
16779049
16779057
16779179
16779065
16779305
16779073
16779180
16779081
16779089
16779181
16779097
33562510
33562511
33562509
16778977
16779182
16779313
16778172
16778985
16778993
16779183
16779001
16779009
16779184
16779017
16779025
16779185
16779033
16779041
16779186
16779049
16779057
16779187
33562510
33562511
33562509
16779065
16779313
16778172
16779073
16779188
16779081
16779089
16779189
16779097
16778977
16779190
16779321
16778985
16778993
16779191
16779001
16779009
16779192
33562510
33562511
33562509
16779017
16779025
16779193
16778172
16779033
16779041
16779194
16779049
16779057
16779195
16779065
16779321
16779073
16779196
16779081
16779089
16779197
16779097
33562510
33562511
33562509
16778977
16779198
16779329
16778172
16778985
16778993
16779199
16779001
16779009
16779200
16779017
16779025
16779201
16779033
16779041
16779202
16779049
16779057
16779203
33562510
33562511
33562509
16779065
16779329
16778172
16779073
16779204
16779081
16779089
16779205
16779097
16778977
16779206
16779337
16778985
16778993
16779207
16779001
16779009
16779208
33562510
33562511
33562509
16779017
16779025
16779209
16778172
16779033
16779041
16779210
16779049
16779057
16779211
16779065
16779337
16779073
16779212
16779081
16779089
16779213
16779097
33562510
33562511
33562509
16778977
16779214
16779345
16778172
16778985
16778993
16779215
16779001
16779009
16779216
16779017
16779025
16779217
16779033
16779041
16779218
16779049
16779057
16779219
33562510
33562511
33562509
16779065
16779345
16778172
16779073
16779220
16779081
16779089
16779221
16779097
16778977
16779222
16779353
16778985
16778993
16779223
16779001
16779009
16779224
33562510
33562511
33562509
16779017
16779025
16779225
16778172
16779033
16779041
16779226
16779049
16779057
16779227
16779065
16779353
16779073
16779228
16779081
16779089
16779229
16779097
33562510
33562511
33562509
16778977
16779102
16779233
16778172
16778985
16778993
16779103
16779001
16779009
16779104
16779017
16779025
16779105
16779033
16779041
16779106
16779049
16779057
16779107
33562510
33562511
33562509
16779065
16779233
16778172
16779073
16779108
16779081
16779089
16779109
16779097
16778977
16779110
16779241
16778985
16778993
16779111
16779001
16779009
16779112
33562510
33562511
33562509
16779017
16779025
16779113
16778172
16779033
16779041
16779114
16779049
16779057
16779115
16779065
16779241
16779073
16779116
16779081
16779089
16779117
16779097
33562510
33562511
33562509
16778977
16779118
16779249
16778172
16778985
16778993
16779119
16779001
16779009
16779120
16779017
16779025
16779121
16779033
16779041
16779122
16779049
16779057
16779123
33562510
33562511
33562509
16779065
16779249
16778172
16779073
16779124
16779081
16779089
16779125
16779097
16778977
16779126
16779257
16778985
16778993
16779127
16779001
16779009
16779128
33562510
33562511
33562509
16779017
16779025
16779129
16778172
16779033
16779041
16779130
16779049
16779057
16779131
16779065
16779257
16779073
16779132
16779081
16779089
16779133
16779097
33562510
33562511
33562509
16778977
16779134
16779265
16778172
16778985
16778993
16779135
16779001
16779009
16779136
16779017
16779025
16779137
16779033
16779041
16779138
16779049
16779057
16779139
33562510
33562511
33562509
16779065
16779265
16778172
16779073
16779140
16779081
16779089
16779141
16779097
16778977
16779142
16779273
16778985
16778993
16779143
16779001
16779009
16779144
33562510
33562511
33562509
16779017
16779025
16779145
16778172
16779033
16779041
16779146
16779049
16779057
16779147
16779065
16779273
16779073
16779148
16779081
16779089
16779149
16779097
33562510
33562511
33562509
16778977
16779150
16779281
16778172
16778985
16778993
16779151
16779001
16779009
16779152
16779017
16779025
16779153
16779033
16779041
16779154
16779049
16779057
16779155
33562510
33562511
33562509
16779065
16779281
16778172
16779073
16779156
16779081
16779089
16779157
16779097
16778977
16779158
16779289
16778985
16778993
16779159
16779001
16779009
16779160
33562510
33562511
33562509
16779017
16779025
16779161
16778172
16779033
16779041
16779162
16779049
16779057
16779163
16779065
16779289
16779073
16779164
16779081
16779089
16779165
16779097
33562510
33562511
33562509
16778977
16779166
16779297
16778172
16778985
16778993
16779167
16779001
16779009
16779168
16779017
16779025
16779169
16779033
16779041
16779170
16779049
16779057
16779171
33562510
33562511
33562509
16779065
16779297
16778172
16779073
16779172
16779081
16779089
16779173
16779097
16778977
16779174
16779305
16778985
16778993
16779175
16779001
16779009
16779176
33562510
33562511
33562509
16779017
16779025
16779177
16778172
16779033
16779041
16779178
16779049
16779057
16779179
16779065
16779305
16779073
16779180
16779081
16779089
16779181
16779097
33562510
33562511
33562509
16778977
16779182
16779313
16778172
16778985
16778993
16779183
16779001
16779009
16779184
16779017
16779025
16779185
16779033
16779041
16779186
16779049
16779057
16779187
33562510
33562511
33562509
16779065
16779313
16778172
16779073
16779188
16779081
16779089
16779189
16779097
16778977
16779190
16779321
16778985
16778993
16779191
16779001
16779009
16779192
33562510
33562511
33562509
16779017
16779025
16779193
16778172
16779033
16779041
16779194
16779049
16779057
16779195
16779065
16779321
16779073
16779196
16779081
16779089
16779197
16779097
33562510
33562511
33562509
16778977
16779198
16779329
16778172
16778985
16778993
16779199
16779001
16779009
16779200
16779017
16779025
16779201
16779033
16779041
16779202
16779049
16779057
16779203
33562510
33562511
33562509
16779065
16779329
16778172
16779073
16779204
16779081
16779089
16779205
16779097
16778977
16779206
16779337
16778985
16778993
16779207
16779001
16779009
16779208
33562510
33562511
33562509
16779017
16779025
16779209
16778172
16779033
16779041
16779210
16779049
16779057
16779211
16779065
16779337
16779073
16779212
16779081
16779089
16779213
16779097
33562510
33562511
33562509
16778977
16779214
16779345
16778172
16778985
16778993
16779215
16779001
16779009
16779216
16779017
16779025
16779217
16779033
16779041
16779218
16779049
16779057
16779219
33562510
33562511
33562509
16779065
16779345
16778172
16779073
16779220
16779081
16779089
16779221
16779097
16778977
16779222
16779353
16778985
16778993
16779223
16779001
16779009
16779224
33562510
33562511
33562509
16779017
16779025
16779225
16778172
16779033
16779041
16779226
16779049
16779057
16779227
16779065
16779353
16779073
16779228
16779081
16779089
16779229
16779097
33562510
33562511
33562509
16778978
16779102
16779234
16778172
16778986
16778994
16779103
16779002
16779010
16779104
16779018
16779026
16779105
16779034
16779042
16779106
16779050
16779058
16779107
33562510
33562511
33562509
16779066
16779234
16778172
16779074
16779108
16779082
16779090
16779109
16779098
16778978
16779110
16779242
16778986
16778994
16779111
16779002
16779010
16779112
33562510
33562511
33562509
16779018
16779026
16779113
16778172
16779034
16779042
16779114
16779050
16779058
16779115
16779066
16779242
16779074
16779116
16779082
16779090
16779117
16779098
33562510
33562511
33562509
16778978
16779118
16779250
16778172
16778986
16778994
16779119
16779002
16779010
16779120
16779018
16779026
16779121
16779034
16779042
16779122
16779050
16779058
16779123
33562510
33562511
33562509
16779066
16779250
16778172
16779074
16779124
16779082
16779090
16779125
16779098
16778978
16779126
16779258
16778986
16778994
16779127
16779002
16779010
16779128
33562510
33562511
33562509
16779018
16779026
16779129
16778172
16779034
16779042
16779130
16779050
16779058
16779131
16779066
16779258
16779074
16779132
16779082
16779090
16779133
16779098
33562510
33562511
33562509
16778978
16779134
16779266
16778172
16778986
16778994
16779135
16779002
16779010
16779136
16779018
16779026
16779137
16779034
16779042
16779138
16779050
16779058
16779139
33562510
33562511
33562509
16779066
16779266
16778172
16779074
16779140
16779082
16779090
16779141
16779098
16778978
16779142
16779274
16778986
16778994
16779143
16779002
16779010
16779144
33562510
33562511
33562509
16779018
16779026
16779145
16778172
16779034
16779042
16779146
16779050
16779058
16779147
16779066
16779274
16779074
16779148
16779082
16779090
16779149
16779098
33562510
33562511
33562509
16778978
16779150
16779282
16778172
16778986
16778994
16779151
16779002
16779010
16779152
16779018
16779026
16779153
16779034
16779042
16779154
16779050
16779058
16779155
33562510
33562511
33562509
16779066
16779282
16778172
16779074
16779156
16779082
16779090
16779157
16779098
16778978
16779158
16779290
16778986
16778994
16779159
16779002
16779010
16779160
33562510
33562511
33562509
16779018
16779026
16779161
16778172
16779034
16779042
16779162
16779050
16779058
16779163
16779066
16779290
16779074
16779164
16779082
16779090
16779165
16779098
33562510
33562511
33562509
16778978
16779166
16779298
16778172
16778986
16778994
16779167
16779002
16779010
16779168
16779018
16779026
16779169
16779034
16779042
16779170
16779050
16779058
16779171
33562510
33562511
33562509
16779066
16779298
16778172
16779074
16779172
16779082
16779090
16779173
16779098
16778978
16779174
16779306
16778986
16778994
16779175
16779002
16779010
16779176
33562510
33562511
33562509
16779018
16779026
16779177
16778172
16779034
16779042
16779178
16779050
16779058
16779179
16779066
16779306
16779074
16779180
16779082
16779090
16779181
16779098
33562510
33562511
33562509
16778978
16779182
16779314
16778172
16778986
16778994
16779183
16779002
16779010
16779184
16779018
16779026
16779185
16779034
16779042
16779186
16779050
16779058
16779187
33562510
33562511
33562509
16779066
16779314
16778172
16779074
16779188
16779082
16779090
16779189
16779098
16778978
16779190
16779322
16778986
16778994
16779191
16779002
16779010
16779192
33562510
33562511
33562509
16779018
16779026
16779193
16778172
16779034
16779042
16779194
16779050
16779058
16779195
16779066
16779322
16779074
16779196
16779082
16779090
16779197
16779098
33562510
33562511
33562509
16778978
16779198
16779330
16778172
16778986
16778994
16779199
16779002
16779010
16779200
16779018
16779026
16779201
16779034
16779042
16779202
16779050
16779058
16779203
33562510
33562511
33562509
16779066
16779330
16778172
16779074
16779204
16779082
16779090
16779205
16779098
16778978
16779206
16779338
16778986
16778994
16779207
16779002
16779010
16779208
33562510
33562511
33562509
16779018
16779026
16779209
16778172
16779034
16779042
16779210
16779050
16779058
16779211
16779066
16779338
16779074
16779212
16779082
16779090
16779213
16779098
33562510
33562511
33562509
16778978
16779214
16779346
16778172
16778986
16778994
16779215
16779002
16779010
16779216
16779018
16779026
16779217
16779034
16779042
16779218
16779050
16779058
16779219
33562510
33562511
33562509
16779066
16779346
16778172
16779074
16779220
16779082
16779090
16779221
16779098
16778978
16779222
16779354
16778986
16778994
16779223
16779002
16779010
16779224
33562510
33562511
33562509
16779018
16779026
16779225
16778172
16779034
16779042
16779226
16779050
16779058
16779227
16779066
16779354
16779074
16779228
16779082
16779090
16779229
16779098
33562510
33562511
33562509
16778978
16779102
16779234
16778172
16778986
16778994
16779103
16779002
16779010
16779104
16779018
16779026
16779105
16779034
16779042
16779106
16779050
16779058
16779107
33562510
33562511
33562509
16779066
16779234
16778172
16779074
16779108
16779082
16779090
16779109
16779098
16778978
16779110
16779242
16778986
16778994
16779111
16779002
16779010
16779112
33562510
33562511
33562509
16779018
16779026
16779113
16778172
16779034
16779042
16779114
16779050
16779058
16779115
16779066
16779242
16779074
16779116
16779082
16779090
16779117
16779098
33562510
33562511
33562509
16778978
16779118
16779250
16778172
16778986
16778994
16779119
16779002
16779010
16779120
16779018
16779026
16779121
16779034
16779042
16779122
16779050
16779058
16779123
33562510
33562511
33562509
16779066
16779250
16778172
16779074
16779124
16779082
16779090
16779125
16779098
16778978
16779126
16779258
16778986
16778994
16779127
16779002
16779010
16779128
33562510
33562511
33562509
16779018
16779026
16779129
16778172
16779034
16779042
16779130
16779050
16779058
16779131
16779066
16779258
16779074
16779132
16779082
16779090
16779133
16779098
33562510
33562511
33562509
16778978
16779134
16779266
16778172
16778986
16778994
16779135
16779002
16779010
16779136
16779018
16779026
16779137
16779034
16779042
16779138
16779050
16779058
16779139
33562510
33562511
33562509
16779066
16779266
16778172
16779074
16779140
16779082
16779090
16779141
16779098
16778978
16779142
16779274
16778986
16778994
16779143
16779002
16779010
16779144
33562510
33562511
33562509
16779018
16779026
16779145
16778172
16779034
16779042
16779146
16779050
16779058
16779147
16779066
16779274
16779074
16779148
16779082
16779090
16779149
16779098
33562510
33562511
33562509
16778978
16779150
16779282
16778172
16778986
16778994
16779151
16779002
16779010
16779152
16779018
16779026
16779153
16779034
16779042
16779154
16779050
16779058
16779155
33562510
33562511
33562509
16779066
16779282
16778172
16779074
16779156
16779082
16779090
16779157
16779098
16778978
16779158
16779290
16778986
16778994
16779159
16779002
16779010
16779160
33562510
33562511
33562509
16779018
16779026
16779161
16778172
16779034
16779042
16779162
16779050
16779058
16779163
16779066
16779290
16779074
16779164
16779082
16779090
16779165
16779098
33562510
33562511
33562509
16778978
16779166
16779298
16778172
16778986
16778994
16779167
16779002
16779010
16779168
16779018
16779026
16779169
16779034
16779042
16779170
16779050
16779058
16779171
33562510
33562511
33562509
16779066
16779298
16778172
16779074
16779172
16779082
16779090
16779173
16779098
16778978
16779174
16779306
16778986
16778994
16779175
16779002
16779010
16779176
33562510
33562511
33562509
16779018
16779026
16779177
16778172
16779034
16779042
16779178
16779050
16779058
16779179
16779066
16779306
16779074
16779180
16779082
16779090
16779181
16779098
33562510
33562511
33562509
16778978
16779182
16779314
16778172
16778986
16778994
16779183
16779002
16779010
16779184
16779018
16779026
16779185
16779034
16779042
16779186
16779050
16779058
16779187
33562510
33562511
33562509
16779066
16779314
16778172
16779074
16779188
16779082
16779090
16779189
16779098
16778978
16779190
16779322
16778986
16778994
16779191
16779002
16779010
16779192
33562510
33562511
33562509
16779018
16779026
16779193
16778172
16779034
16779042
16779194
16779050
16779058
16779195
16779066
16779322
16779074
16779196
16779082
16779090
16779197
16779098
33562510
33562511
33562509
16778978
16779198
16779330
16778172
16778986
16778994
16779199
16779002
16779010
16779200
16779018
16779026
16779201
16779034
16779042
16779202
16779050
16779058
16779203
33562510
33562511
33562509
16779066
16779330
16778172
16779074
16779204
16779082
16779090
16779205
16779098
16778978
16779206
16779338
16778986
16778994
16779207
16779002
16779010
16779208
33562510
33562511
33562509
16779018
16779026
16779209
16778172
16779034
16779042
16779210
16779050
16779058
16779211
16779066
16779338
16779074
16779212
16779082
16779090
16779213
16779098
33562510
33562511
33562509
16778978
16779214
16779346
16778172
16778986
16778994
16779215
16779002
16779010
16779216
16779018
16779026
16779217
16779034
16779042
16779218
16779050
16779058
16779219
33562510
33562511
33562509
16779066
16779346
16778172
16779074
16779220
16779082
16779090
16779221
16779098
16778978
16779222
16779354
16778986
16778994
16779223
16779002
16779010
16779224
33562510
33562511
33562509
16779018
16779026
16779225
16778172
16779034
16779042
16779226
16779050
16779058
16779227
16779066
16779354
16779074
16779228
16779082
16779090
16779229
16779098
33562510
33562511
33562509
16778979
16779102
16779235
16778172
16778987
16778995
16779103
16779003
16779011
16779104
16779019
16779027
16779105
16779035
16779043
16779106
16779051
16779059
16779107
33562510
33562511
33562509
16779067
16779235
16778172
16779075
16779108
16779083
16779091
16779109
16779099
16778979
16779110
16779243
16778987
16778995
16779111
16779003
16779011
16779112
33562510
33562511
33562509
16779019
16779027
16779113
16778172
16779035
16779043
16779114
16779051
16779059
16779115
16779067
16779243
16779075
16779116
16779083
16779091
16779117
16779099
33562510
33562511
33562509
16778979
16779118
16779251
16778172
16778987
16778995
16779119
16779003
16779011
16779120
16779019
16779027
16779121
16779035
16779043
16779122
16779051
16779059
16779123
33562510
33562511
33562509
16779067
16779251
16778172
16779075
16779124
16779083
16779091
16779125
16779099
16778979
16779126
16779259
16778987
16778995
16779127
16779003
16779011
16779128
33562510
33562511
33562509
16779019
16779027
16779129
16778172
16779035
16779043
16779130
16779051
16779059
16779131
16779067
16779259
16779075
16779132
16779083
16779091
16779133
16779099
33562510
33562511
33562509
16778979
16779134
16779267
16778172
16778987
16778995
16779135
16779003
16779011
16779136
16779019
16779027
16779137
16779035
16779043
16779138
16779051
16779059
16779139
33562510
33562511
33562509
16779067
16779267
16778172
16779075
16779140
16779083
16779091
16779141
16779099
16778979
16779142
16779275
16778987
16778995
16779143
16779003
16779011
16779144
33562510
33562511
33562509
16779019
16779027
16779145
16778172
16779035
16779043
16779146
16779051
16779059
16779147
16779067
16779275
16779075
16779148
16779083
16779091
16779149
16779099
33562510
33562511
33562509
16778979
16779150
16779283
16778172
16778987
16778995
16779151
16779003
16779011
16779152
16779019
16779027
16779153
16779035
16779043
16779154
16779051
16779059
16779155
33562510
33562511
33562509
16779067
16779283
16778172
16779075
16779156
16779083
16779091
16779157
16779099
16778979
16779158
16779291
16778987
16778995
16779159
16779003
16779011
16779160
33562510
33562511
33562509
16779019
16779027
16779161
16778172
16779035
16779043
16779162
16779051
16779059
16779163
16779067
16779291
16779075
16779164
16779083
16779091
16779165
16779099
33562510
33562511
33562509
16778979
16779166
16779299
16778172
16778987
16778995
16779167
16779003
16779011
16779168
16779019
16779027
16779169
16779035
16779043
16779170
16779051
16779059
16779171
33562510
33562511
33562509
16779067
16779299
16778172
16779075
16779172
16779083
16779091
16779173
16779099
16778979
16779174
16779307
16778987
16778995
16779175
16779003
16779011
16779176
33562510
33562511
33562509
16779019
16779027
16779177
16778172
16779035
16779043
16779178
16779051
16779059
16779179
16779067
16779307
16779075
16779180
16779083
16779091
16779181
16779099
33562510
33562511
33562509
16778979
16779182
16779315
16778172
16778987
16778995
16779183
16779003
16779011
16779184
16779019
16779027
16779185
16779035
16779043
16779186
16779051
16779059
16779187
33562510
33562511
33562509
16779067
16779315
16778172
16779075
16779188
16779083
16779091
16779189
16779099
16778979
16779190
16779323
16778987
16778995
16779191
16779003
16779011
16779192
33562510
33562511
33562509
16779019
16779027
16779193
16778172
16779035
16779043
16779194
16779051
16779059
16779195
16779067
16779323
16779075
16779196
16779083
16779091
16779197
16779099
33562510
33562511
33562509
16778979
16779198
16779331
16778172
16778987
16778995
16779199
16779003
16779011
16779200
16779019
16779027
16779201
16779035
16779043
16779202
16779051
16779059
16779203
33562510
33562511
33562509
16779067
16779331
16778172
16779075
16779204
16779083
16779091
16779205
16779099
16778979
16779206
16779339
16778987
16778995
16779207
16779003
16779011
16779208
33562510
33562511
33562509
16779019
16779027
16779209
16778172
16779035
16779043
16779210
16779051
16779059
16779211
16779067
16779339
16779075
16779212
16779083
16779091
16779213
16779099
33562510
33562511
33562509
16778979
16779214
16779347
16778172
16778987
16778995
16779215
16779003
16779011
16779216
16779019
16779027
16779217
16779035
16779043
16779218
16779051
16779059
16779219
33562510
33562511
33562509
16779067
16779347
16778172
16779075
16779220
16779083
16779091
16779221
16779099
16778979
16779222
16779355
16778987
16778995
16779223
16779003
16779011
16779224
33562510
33562511
33562509
16779019
16779027
16779225
16778172
16779035
16779043
16779226
16779051
16779059
16779227
16779067
16779355
16779075
16779228
16779083
16779091
16779229
16779099
33562510
33562511
33562509
16778979
16779102
16779235
16778172
16778987
16778995
16779103
16779003
16779011
16779104
16779019
16779027
16779105
16779035
16779043
16779106
16779051
16779059
16779107
33562510
33562511
33562509
16779067
16779235
16778172
16779075
16779108
16779083
16779091
16779109
16779099
16778979
16779110
16779243
16778987
16778995
16779111
16779003
16779011
16779112
33562510
33562511
33562509
16779019
16779027
16779113
16778172
16779035
16779043
16779114
16779051
16779059
16779115
16779067
16779243
16779075
16779116
16779083
16779091
16779117
16779099
33562510
33562511
33562509
16778979
16779118
16779251
16778172
16778987
16778995
16779119
16779003
16779011
16779120
16779019
16779027
16779121
16779035
16779043
16779122
16779051
16779059
16779123
33562510
33562511
33562509
16779067
16779251
16778172
16779075
16779124
16779083
16779091
16779125
16779099
16778979
16779126
16779259
16778987
16778995
16779127
16779003
16779011
16779128
33562510
33562511
33562509
16779019
16779027
16779129
16778172
16779035
16779043
16779130
16779051
16779059
16779131
16779067
16779259
16779075
16779132
16779083
16779091
16779133
16779099
33562510
33562511
33562509
16778979
16779134
16779267
16778172
16778987
16778995
16779135
16779003
16779011
16779136
16779019
16779027
16779137
16779035
16779043
16779138
16779051
16779059
16779139
33562510
33562511
33562509
16779067
16779267
16778172
16779075
16779140
16779083
16779091
16779141
16779099
16778979
16779142
16779275
16778987
16778995
16779143
16779003
16779011
16779144
33562510
33562511
33562509
16779019
16779027
16779145
16778172
16779035
16779043
16779146
16779051
16779059
16779147
16779067
16779275
16779075
16779148
16779083
16779091
16779149
16779099
33562510
33562511
33562509
16778979
16779150
16779283
16778172
16778987
16778995
16779151
16779003
16779011
16779152
16779019
16779027
16779153
16779035
16779043
16779154
16779051
16779059
16779155
33562510
33562511
33562509
16779067
16779283
16778172
16779075
16779156
16779083
16779091
16779157
16779099
16778979
16779158
16779291
16778987
16778995
16779159
16779003
16779011
16779160
33562510
33562511
33562509
16779019
16779027
16779161
16778172
16779035
16779043
16779162
16779051
16779059
16779163
16779067
16779291
16779075
16779164
16779083
16779091
16779165
16779099
33562510
33562511
33562509
16778979
16779166
16779299
16778172
16778987
16778995
16779167
16779003
16779011
16779168
16779019
16779027
16779169
16779035
16779043
16779170
16779051
16779059
16779171
33562510
33562511
33562509
16779067
16779299
16778172
16779075
16779172
16779083
16779091
16779173
16779099
16778979
16779174
16779307
16778987
16778995
16779175
16779003
16779011
16779176
33562510
33562511
33562509
16779019
16779027
16779177
16778172
16779035
16779043
16779178
16779051
16779059
16779179
16779067
16779307
16779075
16779180
16779083
16779091
16779181
16779099
33562510
33562511
33562509
16778979
16779182
16779315
16778172
16778987
16778995
16779183
16779003
16779011
16779184
16779019
16779027
16779185
16779035
16779043
16779186
16779051
16779059
16779187
33562510
33562511
33562509
16779067
16779315
16778172
16779075
16779188
16779083
16779091
16779189
16779099
16778979
16779190
16779323
16778987
16778995
16779191
16779003
16779011
16779192
33562510
33562511
33562509
16779019
16779027
16779193
16778172
16779035
16779043
16779194
16779051
16779059
16779195
16779067
16779323
16779075
16779196
16779083
16779091
16779197
16779099
33562510
33562511
33562509
16778979
16779198
16779331
16778172
16778987
16778995
16779199
16779003
16779011
16779200
16779019
16779027
16779201
16779035
16779043
16779202
16779051
16779059
16779203
33562510
33562511
33562509
16779067
16779331
16778172
16779075
16779204
16779083
16779091
16779205
16779099
16778979
16779206
16779339
16778987
16778995
16779207
16779003
16779011
16779208
33562510
33562511
33562509
16779019
16779027
16779209
16778172
16779035
16779043
16779210
16779051
16779059
16779211
16779067
16779339
16779075
16779212
16779083
16779091
16779213
16779099
33562510
33562511
33562509
16778979
16779214
16779347
16778172
16778987
16778995
16779215
16779003
16779011
16779216
16779019
16779027
16779217
16779035
16779043
16779218
16779051
16779059
16779219
33562510
33562511
33562509
16779067
16779347
16778172
16779075
16779220
16779083
16779091
16779221
16779099
16778979
16779222
16779355
16778987
16778995
16779223
16779003
16779011
16779224
33562510
33562511
33562509
16779019
16779027
16779225
16778172
16779035
16779043
16779226
16779051
16779059
16779227
16779067
16779355
16779075
16779228
16779083
16779091
16779229
16779099
33562510
33562511
33562509
16778980
16779102
16779236
16778172
16778988
16778996
16779103
16779004
16779012
16779104
16779020
16779028
16779105
16779036
16779044
16779106
16779052
16779060
16779107
33562510
33562511
33562509
16779068
16779236
16778172
16779076
16779108
16779084
16779092
16779109
16779100
16778980
16779110
16779244
16778988
16778996
16779111
16779004
16779012
16779112
33562510
33562511
33562509
16779020
16779028
16779113
16778172
16779036
16779044
16779114
16779052
16779060
16779115
16779068
16779244
16779076
16779116
16779084
16779092
16779117
16779100
33562510
33562511
33562509
16778980
16779118
16779252
16778172
16778988
16778996
16779119
16779004
16779012
16779120
16779020
16779028
16779121
16779036
16779044
16779122
16779052
16779060
16779123
33562510
33562511
33562509
16779068
16779252
16778172
16779076
16779124
16779084
16779092
16779125
16779100
16778980
16779126
16779260
16778988
16778996
16779127
16779004
16779012
16779128
33562510
33562511
33562509
16779020
16779028
16779129
16778172
16779036
16779044
16779130
16779052
16779060
16779131
16779068
16779260
16779076
16779132
16779084
16779092
16779133
16779100
33562510
33562511
33562509
16778980
16779134
16779268
16778172
16778988
16778996
16779135
16779004
16779012
16779136
16779020
16779028
16779137
16779036
16779044
16779138
16779052
16779060
16779139
33562510
33562511
33562509
16779068
16779268
16778172
16779076
16779140
16779084
16779092
16779141
16779100
16778980
16779142
16779276
16778988
16778996
16779143
16779004
16779012
16779144
33562510
33562511
33562509
16779020
16779028
16779145
16778172
16779036
16779044
16779146
16779052
16779060
16779147
16779068
16779276
16779076
16779148
16779084
16779092
16779149
16779100
33562510
33562511
33562509
16778980
16779150
16779284
16778172
16778988
16778996
16779151
16779004
16779012
16779152
16779020
16779028
16779153
16779036
16779044
16779154
16779052
16779060
16779155
33562510
33562511
33562509
16779068
16779284
16778172
16779076
16779156
16779084
16779092
16779157
16779100
16778980
16779158
16779292
16778988
16778996
16779159
16779004
16779012
16779160
33562510
33562511
33562509
16779020
16779028
16779161
16778172
16779036
16779044
16779162
16779052
16779060
16779163
16779068
16779292
16779076
16779164
16779084
16779092
16779165
16779100
33562510
33562511
33562509
16778980
16779166
16779300
16778172
16778988
16778996
16779167
16779004
16779012
16779168
16779020
16779028
16779169
16779036
16779044
16779170
16779052
16779060
16779171
33562510
33562511
33562509
16779068
16779300
16778172
16779076
16779172
16779084
16779092
16779173
16779100
16778980
16779174
16779308
16778988
16778996
16779175
16779004
16779012
16779176
33562510
33562511
33562509
16779020
16779028
16779177
16778172
16779036
16779044
16779178
16779052
16779060
16779179
16779068
16779308
16779076
16779180
16779084
16779092
16779181
16779100
33562510
33562511
33562509
16778980
16779182
16779316
16778172
16778988
16778996
16779183
16779004
16779012
16779184
16779020
16779028
16779185
16779036
16779044
16779186
16779052
16779060
16779187
33562510
33562511
33562509
16779068
16779316
16778172
16779076
16779188
16779084
16779092
16779189
16779100
16778980
16779190
16779324
16778988
16778996
16779191
16779004
16779012
16779192
33562510
33562511
33562509
16779020
16779028
16779193
16778172
16779036
16779044
16779194
16779052
16779060
16779195
16779068
16779324
16779076
16779196
16779084
16779092
16779197
16779100
33562510
33562511
33562509
16778980
16779198
16779332
16778172
16778988
16778996
16779199
16779004
16779012
16779200
16779020
16779028
16779201
16779036
16779044
16779202
16779052
16779060
16779203
33562510
33562511
33562509
16779068
16779332
16778172
16779076
16779204
16779084
16779092
16779205
16779100
16778980
16779206
16779340
16778988
16778996
16779207
16779004
16779012
16779208
33562510
33562511
33562509
16779020
16779028
16779209
16778172
16779036
16779044
16779210
16779052
16779060
16779211
16779068
16779340
16779076
16779212
16779084
16779092
16779213
16779100
33562510
33562511
33562509
16778980
16779214
16779348
16778172
16778988
16778996
16779215
16779004
16779012
16779216
16779020
16779028
16779217
16779036
16779044
16779218
16779052
16779060
16779219
33562510
33562511
33562509
16779068
16779348
16778172
16779076
16779220
16779084
16779092
16779221
16779100
16778980
16779222
16779356
16778988
16778996
16779223
16779004
16779012
16779224
33562510
33562511
33562509
16779020
16779028
16779225
16778172
16779036
16779044
16779226
16779052
16779060
16779227
16779068
16779356
16779076
16779228
16779084
16779092
16779229
16779100
33562510
33562511
33562509
16778980
16779102
16779236
16778172
16778988
16778996
16779103
16779004
16779012
16779104
16779020
16779028
16779105
16779036
16779044
16779106
16779052
16779060
16779107
33562510
33562511
33562509
16779068
16779236
16778172
16779076
16779108
16779084
16779092
16779109
16779100
16778980
16779110
16779244
16778988
16778996
16779111
16779004
16779012
16779112
33562510
33562511
33562509
16779020
16779028
16779113
16778172
16779036
16779044
16779114
16779052
16779060
16779115
16779068
16779244
16779076
16779116
16779084
16779092
16779117
16779100
33562510
33562511
33562509
16778980
16779118
16779252
16778172
16778988
16778996
16779119
16779004
16779012
16779120
16779020
16779028
16779121
16779036
16779044
16779122
16779052
16779060
16779123
33562510
33562511
33562509
16779068
16779252
16778172
16779076
16779124
16779084
16779092
16779125
16779100
16778980
16779126
16779260
16778988
16778996
16779127
16779004
16779012
16779128
33562510
33562511
33562509
16779020
16779028
16779129
16778172
16779036
16779044
16779130
16779052
16779060
16779131
16779068
16779260
16779076
16779132
16779084
16779092
16779133
16779100
33562510
33562511
33562509
16778980
16779134
16779268
16778172
16778988
16778996
16779135
16779004
16779012
16779136
16779020
16779028
16779137
16779036
16779044
16779138
16779052
16779060
16779139
33562510
33562511
33562509
16779068
16779268
16778172
16779076
16779140
16779084
16779092
16779141
16779100
16778980
16779142
16779276
16778988
16778996
16779143
16779004
16779012
16779144
33562510
33562511
33562509
16779020
16779028
16779145
16778172
16779036
16779044
16779146
16779052
16779060
16779147
16779068
16779276
16779076
16779148
16779084
16779092
16779149
16779100
33562510
33562511
33562509
16778980
16779150
16779284
16778172
16778988
16778996
16779151
16779004
16779012
16779152
16779020
16779028
16779153
16779036
16779044
16779154
16779052
16779060
16779155
33562510
33562511
33562509
16779068
16779284
16778172
16779076
16779156
16779084
16779092
16779157
16779100
16778980
16779158
16779292
16778988
16778996
16779159
16779004
16779012
16779160
33562510
33562511
33562509
16779020
16779028
16779161
16778172
16779036
16779044
16779162
16779052
16779060
16779163
16779068
16779292
16779076
16779164
16779084
16779092
16779165
16779100
33562510
33562511
33562509
16778980
16779166
16779300
16778172
16778988
16778996
16779167
16779004
16779012
16779168
16779020
16779028
16779169
16779036
16779044
16779170
16779052
16779060
16779171
33562510
33562511
33562509
16779068
16779300
16778172
16779076
16779172
16779084
16779092
16779173
16779100
16778980
16779174
16779308
16778988
16778996
16779175
16779004
16779012
16779176
33562510
33562511
33562509
16779020
16779028
16779177
16778172
16779036
16779044
16779178
16779052
16779060
16779179
16779068
16779308
16779076
16779180
16779084
16779092
16779181
16779100
33562510
33562511
33562509
16778980
16779182
16779316
16778172
16778988
16778996
16779183
16779004
16779012
16779184
16779020
16779028
16779185
16779036
16779044
16779186
16779052
16779060
16779187
33562510
33562511
33562509
16779068
16779316
16778172
16779076
16779188
16779084
16779092
16779189
16779100
16778980
16779190
16779324
16778988
16778996
16779191
16779004
16779012
16779192
33562510
33562511
33562509
16779020
16779028
16779193
16778172
16779036
16779044
16779194
16779052
16779060
16779195
16779068
16779324
16779076
16779196
16779084
16779092
16779197
16779100
33562510
33562511
33562509
16778980
16779198
16779332
16778172
16778988
16778996
16779199
16779004
16779012
16779200
16779020
16779028
16779201
16779036
16779044
16779202
16779052
16779060
16779203
33562510
33562511
33562509
16779068
16779332
16778172
16779076
16779204
16779084
16779092
16779205
16779100
16778980
16779206
16779340
16778988
16778996
16779207
16779004
16779012
16779208
33562510
33562511
33562509
16779020
16779028
16779209
16778172
16779036
16779044
16779210
16779052
16779060
16779211
16779068
16779340
16779076
16779212
16779084
16779092
16779213
16779100
33562510
33562511
33562509
16778980
16779214
16779348
16778172
16778988
16778996
16779215
16779004
16779012
16779216
16779020
16779028
16779217
16779036
16779044
16779218
16779052
16779060
16779219
33562510
33562511
33562509
16779068
16779348
16778172
16779076
16779220
16779084
16779092
16779221
16779100
16778980
16779222
16779356
16778988
16778996
16779223
16779004
16779012
16779224
33562510
33562511
33562509
16779020
16779028
16779225
16778172
16779036
16779044
16779226
16779052
16779060
16779227
16779068
16779356
16779076
16779228
16779084
16779092
16779229
16779100
33562510
33562511
33562509
16778981
16779102
16779237
16778172
16778989
16778997
16779103
16779005
16779013
16779104
16779021
16779029
16779105
16779037
16779045
16779106
16779053
16779061
16779107
33562510
33562511
33562509
16779069
16779237
16778172
16779077
16779108
16779085
16779093
16779109
16779101
16778981
16779110
16779245
16778989
16778997
16779111
16779005
16779013
16779112
33562510
33562511
33562509
16779021
16779029
16779113
16778172
16779037
16779045
16779114
16779053
16779061
16779115
16779069
16779245
16779077
16779116
16779085
16779093
16779117
16779101
33562510
33562511
33562509
16778981
16779118
16779253
16778172
16778989
16778997
16779119
16779005
16779013
16779120
16779021
16779029
16779121
16779037
16779045
16779122
16779053
16779061
16779123
33562510
33562511
33562509
16779069
16779253
16778172
16779077
16779124
16779085
16779093
16779125
16779101
16778981
16779126
16779261
16778989
16778997
16779127
16779005
16779013
16779128
33562510
33562511
33562509
16779021
16779029
16779129
16778172
16779037
16779045
16779130
16779053
16779061
16779131
16779069
16779261
16779077
16779132
16779085
16779093
16779133
16779101
33562510
33562511
33562509
16778981
16779134
16779269
16778172
16778989
16778997
16779135
16779005
16779013
16779136
16779021
16779029
16779137
16779037
16779045
16779138
16779053
16779061
16779139
33562510
33562511
33562509
16779069
16779269
16778172
16779077
16779140
16779085
16779093
16779141
16779101
16778981
16779142
16779277
16778989
16778997
16779143
16779005
16779013
16779144
33562510
33562511
33562509
16779021
16779029
16779145
16778172
16779037
16779045
16779146
16779053
16779061
16779147
16779069
16779277
16779077
16779148
16779085
16779093
16779149
16779101
33562510
33562511
33562509
16778981
16779150
16779285
16778172
16778989
16778997
16779151
16779005
16779013
16779152
16779021
16779029
16779153
16779037
16779045
16779154
16779053
16779061
16779155
33562510
33562511
33562509
16779069
16779285
16778172
16779077
16779156
16779085
16779093
16779157
16779101
16778981
16779158
16779293
16778989
16778997
16779159
16779005
16779013
16779160
33562510
33562511
33562509
16779021
16779029
16779161
16778172
16779037
16779045
16779162
16779053
16779061
16779163
16779069
16779293
16779077
16779164
16779085
16779093
16779165
16779101
33562510
33562511
33562509
16778981
16779166
16779301
16778172
16778989
16778997
16779167
16779005
16779013
16779168
16779021
16779029
16779169
16779037
16779045
16779170
16779053
16779061
16779171
33562510
33562511
33562509
16779069
16779301
16778172
16779077
16779172
16779085
16779093
16779173
16779101
16778981
16779174
16779309
16778989
16778997
16779175
16779005
16779013
16779176
33562510
33562511
33562509
16779021
16779029
16779177
16778172
16779037
16779045
16779178
16779053
16779061
16779179
16779069
16779309
16779077
16779180
16779085
16779093
16779181
16779101
33562510
33562511
33562509
16778981
16779182
16779317
16778172
16778989
16778997
16779183
16779005
16779013
16779184
16779021
16779029
16779185
16779037
16779045
16779186
16779053
16779061
16779187
33562510
33562511
33562509
16779069
16779317
16778172
16779077
16779188
16779085
16779093
16779189
16779101
16778981
16779190
16779325
16778989
16778997
16779191
16779005
16779013
16779192
33562510
33562511
33562509
16779021
16779029
16779193
16778172
16779037
16779045
16779194
16779053
16779061
16779195
16779069
16779325
16779077
16779196
16779085
16779093
16779197
16779101
33562510
33562511
33562509
16778981
16779198
16779333
16778172
16778989
16778997
16779199
16779005
16779013
16779200
16779021
16779029
16779201
16779037
16779045
16779202
16779053
16779061
16779203
33562510
33562511
33562509
16779069
16779333
16778172
16779077
16779204
16779085
16779093
16779205
16779101
16778981
16779206
16779341
16778989
16778997
16779207
16779005
16779013
16779208
33562510
33562511
33562509
16779021
16779029
16779209
16778172
16779037
16779045
16779210
16779053
16779061
16779211
16779069
16779341
16779077
16779212
16779085
16779093
16779213
16779101
33562510
33562511
33562509
16778981
16779214
16779349
16778172
16778989
16778997
16779215
16779005
16779013
16779216
16779021
16779029
16779217
16779037
16779045
16779218
16779053
16779061
16779219
33562510
33562511
33562509
16779069
16779349
16778172
16779077
16779220
16779085
16779093
16779221
16779101
16778981
16779222
16779357
16778989
16778997
16779223
16779005
16779013
16779224
33562510
33562511
33562509
16779021
16779029
16779225
16778172
16779037
16779045
16779226
16779053
16779061
16779227
16779069
16779357
16779077
16779228
16779085
16779093
16779229
16779101
33562510
33562511
33562509
16778981
16779102
16779237
16778172
16778989
16778997
16779103
16779005
16779013
16779104
16779021
16779029
16779105
16779037
16779045
16779106
16779053
16779061
16779107
33562510
33562511
33562509
16779069
16779237
16778172
16779077
16779108
16779085
16779093
16779109
16779101
16778981
16779110
16779245
16778989
16778997
16779111
16779005
16779013
16779112
33562510
33562511
33562509
16779021
16779029
16779113
16778172
16779037
16779045
16779114
16779053
16779061
16779115
16779069
16779245
16779077
16779116
16779085
16779093
16779117
16779101
33562510
33562511
33562509
16778981
16779118
16779253
16778172
16778989
16778997
16779119
16779005
16779013
16779120
16779021
16779029
16779121
16779037
16779045
16779122
16779053
16779061
16779123
33562510
33562511
33562509
16779069
16779253
16778172
16779077
16779124
16779085
16779093
16779125
16779101
16778981
16779126
16779261
16778989
16778997
16779127
16779005
16779013
16779128
33562510
33562511
33562509
16779021
16779029
16779129
16778172
16779037
16779045
16779130
16779053
16779061
16779131
16779069
16779261
16779077
16779132
16779085
16779093
16779133
16779101
33562510
33562511
33562509
16778981
16779134
16779269
16778172
16778989
16778997
16779135
16779005
16779013
16779136
16779021
16779029
16779137
16779037
16779045
16779138
16779053
16779061
16779139
33562510
33562511
33562509
16779069
16779269
16778172
16779077
16779140
16779085
16779093
16779141
16779101
16778981
16779142
16779277
16778989
16778997
16779143
16779005
16779013
16779144
33562510
33562511
33562509
16779021
16779029
16779145
16778172
16779037
16779045
16779146
16779053
16779061
16779147
16779069
16779277
16779077
16779148
16779085
16779093
16779149
16779101
33562510
33562511
33562509
16778981
16779150
16779285
16778172
16778989
16778997
16779151
16779005
16779013
16779152
16779021
16779029
16779153
16779037
16779045
16779154
16779053
16779061
16779155
33562510
33562511
33562509
16779069
16779285
16778172
16779077
16779156
16779085
16779093
16779157
16779101
16778981
16779158
16779293
16778989
16778997
16779159
16779005
16779013
16779160
33562510
33562511
33562509
16779021
16779029
16779161
16778172
16779037
16779045
16779162
16779053
16779061
16779163
16779069
16779293
16779077
16779164
16779085
16779093
16779165
16779101
33562510
33562511
33562509
16778981
16779166
16779301
16778172
16778989
16778997
16779167
16779005
16779013
16779168
16779021
16779029
16779169
16779037
16779045
16779170
16779053
16779061
16779171
33562510
33562511
33562509
16779069
16779301
16778172
16779077
16779172
16779085
16779093
16779173
16779101
16778981
16779174
16779309
16778989
16778997
16779175
16779005
16779013
16779176
33562510
33562511
33562509
16779021
16779029
16779177
16778172
16779037
16779045
16779178
16779053
16779061
16779179
16779069
16779309
16779077
16779180
16779085
16779093
16779181
16779101
33562510
33562511
33562509
16778981
16779182
16779317
16778172
16778989
16778997
16779183
16779005
16779013
16779184
16779021
16779029
16779185
16779037
16779045
16779186
16779053
16779061
16779187
33562510
33562511
33562509
16779069
16779317
16778172
16779077
16779188
16779085
16779093
16779189
16779101
16778981
16779190
16779325
16778989
16778997
16779191
16779005
16779013
16779192
33562510
33562511
33562509
16779021
16779029
16779193
16778172
16779037
16779045
16779194
16779053
16779061
16779195
16779069
16779325
16779077
16779196
16779085
16779093
16779197
16779101
33562510
33562511
33562509
16778981
16779198
16779333
16778172
16778989
16778997
16779199
16779005
16779013
16779200
16779021
16779029
16779201
16779037
16779045
16779202
16779053
16779061
16779203
33562510
33562511
33562509
16779069
16779333
16778172
16779077
16779204
16779085
16779093
16779205
16779101
16778981
16779206
16779341
16778989
16778997
16779207
16779005
16779013
16779208
33562510
33562511
33562509
16779021
16779029
16779209
16778172
16779037
16779045
16779210
16779053
16779061
16779211
16779069
16779341
16779077
16779212
16779085
16779093
16779213
16779101
33562510
33562511
33562509
16778981
16779214
16779349
16778172
16778989
16778997
16779215
16779005
16779013
16779216
16779021
16779029
16779217
16779037
16779045
16779218
16779053
16779061
16779219
33562510
33562511
33562509
16779069
16779349
16778172
16779077
16779220
16779085
16779093
16779221
16779101
16778981
16779222
16779357
16778989
16778997
16779223
16779005
16779013
16779224
33562510
33562511
33562509
16779021
16779029
16779225
16778172
16779037
16779045
16779226
16779053
16779061
16779227
16779069
16779357
16779077
16779228
16779085
16779093
16779229
16779101
33562510
33562511
33562508
33562507
33562509
16778304
33562506
16778307
16778306
16778303
16778305
16778204
16778205
33562504
33562505
33562503
16778206
16778207
16778208
16778209
16778210
16778211
16778212
16778213
16778214
16778215
16778216
16778217
16778218
16778219
16778220
16778221
16778222
16778223
16778224
16778225
16778226
16778227
16778228
16778229
16778230
16778231
16778232
16778233
16778234
16778235
16778236
16778237
16778238
16778239
16778240
16778241
16778242
16778243
16778244
16778245
16778246
16778247
16778248
16778249
16778250
16778251
16778252
16778253
16778254
16778255
16778256
16778257
16778258
16778259
16778260
16778261
16778262
16778263
16778264
16778265
16778266
16778267
16778268
16778269
16778270
16778271
16778272
16778273
16778274
16778275
16778276
16778277
16778278
16778279
16778280
16778281
16778282
16778283
16778284
16778285
16778286
16778287
16778288
16778289
16778290
16778291
16778292
16778293
16778294
16778295
16778296
16778297
16778298
16778299
16778300
16778301
16778302
16778303
16778306
33562508
33562506
33562507
33562509
33562511