33562502
16778157
16778912
33562501
33562481
33562484
16778287
33562477
33562478
33562480
16778184
16778183
33562464
33562475
16778158
33562465
33562474
16778304
16778392
33562485
16778393
33562486
16778394
16777219
16777218
33562481
33562484
16778287
33562477
33562478
33562480
16778184
16778183
16778395
16778396
33562482
16778158
16778397
16778398
16778399
33562485
16778400
33562486
16778401
16778402
16777219
16777218
33562484
33562481
16778287
33562477
33562478
33562480
16778184
16778183
16778403
16778404
33562483
16778158
16778405
16778406
16778407
33562485
16778408
33562486
16778409
16778410
16777219
33562484
16777218
33562481
16778287
33562477
33562478
33562480
16778184
16778183
16778411
16778412
33562475
33562476
33562474
33562473
33562472
33562471
33562470
33562483
33562482
33562469
33562467
33562466
33562465
33562468
33562481
33562484
33562477
16778287
33562478
33562480
16778185
33562479
33562412
33562411
33562410
33562409
33562476
33562445
33562444
33562435
33562416
33562443
16778184
33562396
33562407
16778158
33562397
33562477
33562475
16778155
33562449
33562448
16777354
33562480
33562447
33562451
16778649
33562476
33562478
16778185
33562412
33562409
33562410
33562411
33562479
33562484
33562481
33562482
16778287
33562477
33562445
33562444
33562435
33562416
33562443
16778184
16778158
33562475
16778155
33562449
33562448
16777354
33562480
33562447
33562451
33562476
16778649
33562478
16778185
33562412
33562409
33562410
33562411
33562479
33562484
33562481
33562482
16778287
33562477
33562445
33562444
33562435
33562416
33562443
16778184
16778158
33562475
16778155
33562449
33562448
16777354
33562480
33562447
33562451
33562476
16778649
33562478
16778185
33562412
33562409
33562410
33562411
33562479
33562484
33562481
33562482
16778287
33562477
33562445
33562444
33562435
33562416
33562443
16778184
16778158
33562475
16778155
33562449
33562448
16777354
33562480
33562447
33562451
33562476
16778649
33562478
16778185
33562412
33562409
33562410
33562411
33562479
33562484
33562481
33562482
16778287
33562477
33562445
33562444
33562435
33562416
33562443
16778184
16778158
33562475
16778155
33562449
33562448
16777354
33562480
33562447
33562451
33562476
16778649
33562478
16778185
33562412
33562409
33562410
33562411
33562479
33562484
33562481
33562483
16778287
33562477
33562445
33562444
33562435
33562416
33562443
16778184
16778158
33562475
16778155
33562449
33562448
16777354
33562480
33562447
33562451
33562476
16778649
33562478
16778185
33562412
33562409
33562410
33562411
33562479
33562484
33562481
33562483
16778287
33562477
33562445
33562444
33562435
33562416
33562443
16778184
16778158
33562475
16778155
33562449
33562448
16777354
33562480
33562447
33562451
33562476
16778649
33562478
16778185
33562412
33562409
33562410
33562411
33562479
33562484
33562481
33562483
16778287
33562477
33562445
33562444
33562435
33562416
33562443
16778184
16778158
33562475
16778155
33562449
33562448
16777354
33562480
33562447
33562451
33562476
16778649
33562478
16778185
33562412
33562409
33562410
33562411
33562479
33562484
33562481
33562483
16778287
33562477
33562445
33562444
33562435
33562416
33562443
16778184
16778158
33562475
16778155
33562449
33562448
16777354
33562480
33562447
33562451
33562476
16778650
33562478
16778185
33562412
33562409
33562410
33562411
33562479
33562484
33562481
16778287
33562477
33562445
33562444
33562435
33562416
33562443
16778184
16778158
33562475
16778155
33562449
33562448
16777354
33562480
33562447
33562428
33562476
16777328
16777327
16777326
33562451
33562477
16778650
33562478
16778185
33562412
33562409
33562410
33562411
33562479
33562484
33562481
33562500
16778284
33562498
33562496
33562497
33562495
16778287
16778286
16778283
16778285
16778184
33562493
33562494
33562492
16778185
33562491
33562490
16778158
16778298
16778186
16778187
16778188
16778189
16778190
16778191
16778192
16778193
16778194
16778195
16778196
16778197
16778198
16778199
16778200
16778201
16778202
16778203
16778204
16778205
16778206
16778207
16778208
16778209
16778210
16778211
16778212
16778213
16778214
16778215
16778216
16778217
16778218
16778219
16778220
16778221
16778222
16778223
16778224
16778225
16778226
16778227
16778228
16778229
16778230
16778231
16778232
16778233
16778234
16778235
16778236
16778237
16778238
16778239
16778240
16778241
16778242
16778243
16778244
16778245
16778246
16778247
16778248
16778249
16778250
16778251
16778252
16778253
16778254
16778255
16778256
16778257
16778258
16778259
16778260
16778261
16778262
16778263
16778264
16778265
16778266
16778267
16778268
16778269
16778270
16778271
16778272
16778273
16778274
16778275
16778276
16778277
16778278
16778279
16778280
16778281
16778282
16778283
16778286
33562497
33562495
33562496
33562498
33562500